-0.179966	0.080564	-1.00627	0.15046	0.227063
-0.172613	0.0680246	-1.12765	0.164056	0.197988
-0.167703	0.0532631	-1.2507	0.176122	0.151341
-0.16533	0.0378563	-1.40237	0.181656	0.068952
-0.164073	0.0227727	-1.55044	0.167846	-0.144425
-0.164604	0.00935267	-1.65929	0.153157	-0.225781
-0.165504	-0.00136116	-1.72208	0.148294	-0.269114
-0.165283	-0.0049084	-1.70456	0.153585	-0.185928
-0.165426	-0.00329545	-1.61173	0.18705	-0.125404
-0.165873	-0.00264729	-1.33353	0.195933	0.0930654
-0.165786	-0.00098293	-1.08791	0.194364	0.136534
-0.165973	0.00128164	-0.90774	0.18711	0.147566
-0.166531	0.00258632	-0.688374	0.17512	0.175248
-0.163492	0.000740779	-0.57694	0.16417	0.132292
-0.159181	-0.00171628	-0.49455	0.156607	0.116286
-0.152776	-0.00472867	-0.443009	0.150344	0.0951229
-0.14609	-0.00690583	-0.409804	0.146257	0.0813734
-0.137654	-0.00959298	-0.34829	0.136399	0
-0.129623	-0.0119453	-0.30215	0.134964	-0.0743528
-0.121644	-0.0135515	-0.223878	0.125733	-0.0717239
-0.113455	-0.0147206	-0.0868445	0.962003	1
-0.107601	-0.0147628	0.12514	0.948103	1
-0.104917	-0.0136211	0.289654	0.916147	0.988194
-0.0996567	-0.0125684	0.436793	-0.943296	-1
-0.0898115	-0.00712735	0.603168	-0.171529	0.171529
-0.076703	0.00226856	0.742056	-0.139881	0.139881
-0.0625692	0.0150504	0.832229	-0.559236	0.434359
-0.0535453	0.0219236	0.919118	-0.289749	0.205622
-0.050376	0.0234228	0.927805	-0.276641	0.206487
-0.0516061	0.0234146	0.753459	0.414401	-0.509689
-0.050265	0.0230263	0.4857	-0.0995586	-0.140083
-0.0509973	0.0219409	0.0673738	-0.171545	0
-0.0531402	0.022114	-0.213997	-0.168676	0.0851629
-0.0550071	0.0225028	-0.198527	-0.132634	-0.073456
-0.0592724	0.0231497	-0.206809	-0.129555	-0.0680912
-0.0632638	0.0234097	-0.291626	-0.141762	0.0722673
-0.0675194	0.0240202	-0.369984	-0.145406	0.0801013
-0.0711475	0.025685	-0.474578	-0.158706	0.0925177
-0.0755355	0.027115	-0.532017	-0.158678	0.091412
-0.0791102	0.0293	-0.620233	-0.17017	0.103455
-0.0813642	0.0304747	-0.721173	-0.176839	0.116808
-0.0840471	0.032652	-0.836597	-0.196346	0.160117
-0.0858168	0.0358085	-0.972735	-0.205043	0.191252
-0.0873359	0.0391505	-1.14362	-0.209579	0.222592
-0.0884913	0.0421962	-1.35299	-0.198604	0.25483
-0.08908	0.0457525	-1.72699	-0.0745235	0.204771
-0.0888083	0.0494206	-2.02727	0.0754514	0.200367
-0.0877759	0.0508036	-2.32122	0.0901708	0.190634
-0.0871319	0.0504926	-2.55544	0.0918044	0.176897
-0.0893387	0.049134	-2.74644	0.120413	0.145507
-0.0944842	0.0475409	-2.88408	0.140715	0.105834
-0.100968	0.0464381	-3.01426	0.15315	0
-0.106968	0.0460938	-3.1286	0.152025	-0.100639
-0.114574	0.0465361	3.04528	0.154984	-0.161416
-0.121521	0.0468015	3.06562	0.152222	-0.147867
-0.126201	0.0470677	-3.08827	0.154923	-0.108734
-0.129052	0.0466126	-2.87043	0.160651	0.0772094
-0.130589	0.0458926	-2.68066	0.160774	0.0926518
-0.131856	0.0443168	-2.51635	0.158924	0.091778
-0.133469	0.0435991	-2.38622	0.159647	0.102711
-0.136331	0.0402771	-2.3218	0.16279	0
-0.140506	0.0358989	-2.27468	0.167172	-0.0964761
-0.144556	0.0307729	-2.20983	0.168205	-0.115402
-0.148458	0.0245712	-2.11756	0.169369	-0.142763
-0.151177	0.0182921	-2.00613	0.172484	-0.13658
-0.15297	0.0129896	-1.81076	0.176889	-0.108981
-0.152483	0.00872573	-1.5565	0.178726	0
-0.151279	0.00524244	-1.25643	0.174347	0.0990617
-0.149813	0.00178267	-1.02654	0.168013	0.0930181
-0.147444	0.000163732	-0.888962	0.164083	0.0897115
-0.145083	-0.00385121	-0.769672	0.161107	0.0732108
-0.13998	-0.00754031	-0.68387	0.159434	-0.0791323
-0.134466	-0.0118593	-0.579668	0.156734	-0.0896758
-0.128709	-0.0147554	-0.495335	0.157076	-0.102733
-0.121165	-0.0178524	-0.346301	0.154216	-0.115559
-0.116121	-0.0184811	-0.166734	0.923236	1
-0.111268	-0.0182438	0.0594173	0.961839	1
-0.107591	-0.0171693	0.292905	0.92248	1
-0.102999	-0.015908	0.473944	-0.870652	-1
-0.0946646	-0.0103056	0.639707	-0.290185	-0.119763
-0.0825914	-0.000185716	0.797125	-0.215996	0.215996
-0.0690764	0.0136784	0.902873	-0.531301	0.435181
-0.0603564	0.0217096	0.987585	-0.278195	0.205636
-0.0574486	0.023	1.01413	-0.259054	0.205023
-0.0592951	0.0206916	0.938283	-0.279931	0.226499
-0.0624505	0.0172429	0.723342	0.418964	-0.482746
-0.0646891	0.0156725	0.42333	-0.0893754	-0.104708
-0.0672069	0.0151818	-0.0532696	0.81065	1
-0.0699785	0.015632	-0.31668	1	0.965639
-0.0711154	0.0162631	-0.328888	0.992623	1
-0.0708461	0.0163623	-0.317559	0.983384	1
-0.0650632	0.0155105	-0.249731	0.960524	1
-0.0538665	0.0137361	-0.0402614	0.875107	0.985189
-0.0383043	0.0145145	0.217555	0.625694	0.802882
-0.0197659	0.0163314	0.40176	0.521723	0.689471
0.0034741	0.0202279	0.502582	-1	-0.989843
0.0301641	0.028244	0.536106	-0.100586	-0.113503
0.0606484	0.0399306	0.51323	0.0754561	0.131318
0.089581	0.0540302	0.471331	0	0.139208
0.109771	0.0638345	0.444757	0.139505	0.183258
0.122488	0.0690734	0.435536	0.137111	0.149347
0.130223	0.0724979	0.402783	0.213564	0.192217
0.13642	0.0744105	0.348088	0.255515	0.187917
0.142288	0.0762593	0.270856	0.250846	0.172681
0.151052	0.0778622	0.205202	0.270612	0.159864
0.161206	0.0794489	0.223372	0.276132	0.195225
0.17262	0.0812742	0.240302	0.309137	0.244049
0.185855	0.0837874	0.316057	0.350548	0.322349
0.199568	0.0873108	0.390703	0.353257	0.335324
0.214427	0.0921743	0.463569	0.399053	0.418987
0.230207	0.0991425	0.526741	0.388514	0.420924
0.2479	0.108136	0.576825	0.397577	0.469343
0.267103	0.119628	0.614561	0.367937	0.441082
0.287254	0.133764	0.629315	0.409776	0.484132
0.309291	0.149786	0.622461	0.438266	0.501013
0.333004	0.167266	0.627363	0.407564	0.481568
0.358751	0.185782	0.607106	0.430909	0.499561
0.384869	0.203929	0.570836	0.340543	0.398925
0.414356	0.221995	0.548625	0.306422	0.345739
0.44597	0.239834	0.517807	0.308075	0.262609
0.477334	0.257154	0.484689	0.246956	0.177241
0.511584	0.273025	0.466442	0.179194	0.0939332
0.541581	0.284883	0.478749	0.175717	0.0928219
0.568288	0.295592	0.501976	0.167748	0.110975
0.589743	0.305178	0.570011	0.181576	0.136768
0.60541	0.312893	0.649958	0.134318	0.230416
0.617234	0.321075	0.784223	-0.0710608	0.23038
0.625944	0.330097	0.851586	-0.147563	0.215179
0.63275	0.339586	0.895975	-0.224906	0.191435
0.639119	0.349357	0.875347	-0.251224	0.18245
0.644559	0.356224	0.777172	-0.262512	0.162876
0.649556	0.360216	0.620521	-0.235363	0.100917
0.654163	0.362038	0.450596	-0.249873	-0.0849691
0.657618	0.361717	0.163964	-0.257102	-0.110273
0.658441	0.361174	-0.228807	-0.228595	0.14083
0.656496	0.361211	-0.454063	-0.24656	0.104405
0.650955	0.363486	-0.575104	-0.165987	0.346422
0.64475	0.367243	-0.684166	-0.158611	0.266631
0.638847	0.371967	-0.80886	-0.104267	0.268218
0.634212	0.376711	-0.992744	0.0792187	0.297801
0.632638	0.379163	-1.23229	0.155703	0.331906
0.632133	0.380264	-1.62762	0.268734	0.362629
0.63187	0.378368	-1.92131	0.27007	0.342675
0.62906	0.371494	-2.05229	0.224373	0.333703
0.624959	0.362392	-2.19041	0.877598	1
0.617358	0.351877	-2.30234	0.912783	1
0.608261	0.340788	-2.41951	0.834269	1
0.59388	0.328839	-2.52802	0.841599	0.940607
0.574083	0.315024	-2.63424	0.801625	0.884106
0.548768	0.30088	-2.66737	0.7344	0.827067
0.519312	0.286472	-2.74746	0.693887	0.763634
0.482507	0.272956	-2.77675	0.637491	0.712243
0.441461	0.260747	-2.87115	0.567868	0.608571
0.39665	0.251786	-3.02844	0.480886	0.477502
0.34876	0.247562	3.08773	0.354409	0.306617
0.298682	0.250656	2.95343	0.259617	0.180437
0.247816	0.260688	2.89593	0.237182	0.147572
0.202586	0.271521	2.88579	0.220477	0.118745
0.162423	0.281672	2.8968	-0.297652	-0.0818265
0.131124	0.288821	2.92694	0.463549	0.155437
0.105899	0.293909	2.98962	0.269751	0.147676
0.08828	0.296318	3.05474	0.272044	0.16727
0.0778431	0.297939	-3.13482	0.315151	0.228554
0.0663781	0.297882	-2.91271	0.406428	0.372468
0.0537368	0.295191	-2.768	0.38774	0.354781
0.0390885	0.29036	-2.64559	0.37054	0.337906
0.0234209	0.282953	-2.5501	0.352083	0.320571
0.00605191	0.272739	-2.48177	0.360647	0.37175
-0.0121224	0.259762	-2.44284	0.332397	0.361326
-0.0321168	0.244406	-2.36335	0.286978	0.364473
-0.0499471	0.227491	-2.32433	0.235749	0.333082
-0.0686901	0.207289	-2.3	0.158158	0.294945
-0.0868485	0.187335	-2.31164	0.154465	0.270702
-0.104524	0.166917	-2.30084	0.157545	0.250614
-0.122455	0.14716	-2.3634	0.203854	0.223409
-0.13888	0.130864	-2.42218	0.225346	0.174355
-0.154601	0.118362	-2.46836	0.217323	0.103186
-0.170044	0.108166	-2.49165	0.199365	0
-0.184271	0.0993778	-2.52951	-1	-0.964381
-0.197615	0.0905617	-2.46878	-0.383405	-0.427572
-0.207164	0.0835727	-2.38359	-0.293763	-0.363764
-0.211909	0.0807778	-2.30163	-0.251566	-0.340504
-0.213354	0.0829053	-2.24877	-0.232398	-0.328843
-0.210878	0.0869986	-2.28599	-0.272346	-0.347198
-0.206279	0.0932913	-2.31787	-0.263509	-0.340835
-0.199686	0.100853	-2.33058	-0.236803	-0.32433
-0.190955	0.110676	-2.30177	-0.177939	-0.291943
-0.180393	0.122714	-2.26488	-0.128281	-0.265347
-0.169502	0.136887	-2.20213	0.0760437	-0.220649
-0.161306	0.151452	-2.09491	0.571142	0.255377
-0.15275	0.167979	-1.98054	0.362873	0.205327
-0.147656	0.18419	-1.76283	0.353754	0.146693
-0.143223	0.191258	-1.492	0.569607	0.470582
-0.140386	0.192661	-1.40909	0.483642	0.356887
-0.140464	0.188942	-1.34	0.469606	0.337009
-0.138595	0.179108	-1.13856	0.555333	0.477161
-0.133871	0.166698	-0.995308	0.52339	0.445601
-0.125947	0.151584	-0.884173	0.493916	0.419563
-0.113395	0.133689	-0.84752	0.442614	0.347491
-0.0965584	0.114773	-0.719891	0.435154	0.370556
-0.0765074	0.0962764	-0.643168	0.39238	0.323884
-0.0518812	0.0793089	-0.515258	0.359115	0.323191
-0.0244221	0.0645144	-0.385244	0.297613	0.296304
0.00502523	0.0537216	-0.256903	0.231066	0.257034
0.0367557	0.0459919	-0.0318385	0.126584	0.218433
0.0680251	0.0426093	0.0828779	-0.0673282	0.171132
0.0961901	0.0422708	0.160737	-0.109719	0.155822
0.119145	0.0441237	0.173079	-0.139003	0.150743
0.13891	0.0462487	0.193099	-0.183568	0.150435
0.149005	0.0481666	0.12443	-0.15357	0.167909
0.151414	0.0486129	0.085536	-0.124872	0.180679
0.14941	0.0475459	0.0257728	-0.0771625	0.193165
0.147438	0.0484822	-0.16312	0.105104	0.204139
0.147835	0.0486198	-0.365901	0.125183	0.200056
0.148526	0.0487319	-0.540285	0.137551	0.193625
0.151717	0.0474547	-0.67069	0.127901	0.180436
0.156237	0.0433616	-0.751345	0.120297	0.164719
0.161184	0.0398452	-0.833198	0.642751	0.346866
0.166928	0.0335177	-0.897031	0.300031	0.174557
0.171626	0.0274177	-0.961993	0.259774	0.12624
0.177538	0.0175063	-1.02064	0.236261	0.076338
0.183907	0.00462567	-1.02184	0.221668	-0.0763448
0.190887	-0.00885154	-1.00056	0.209391	-0.108131
0.199821	-0.0236556	-0.910408	0.210665	-0.111937
0.208514	-0.0353863	-0.778307	0.220704	-0.0961048
0.215436	-0.0424855	-0.595764	0.247397	0.0796185
0.223856	-0.046622	-0.386903	0.259581	0.119602
0.231839	-0.0471516	-0.0910857	0.275135	0.199444
0.239328	-0.0464049	0.207061	0.256522	0.223978
0.247716	-0.0444918	0.436646	0.219726	0.211033
0.2573	-0.0399358	0.580205	0.188016	0.185957
0.26805	-0.0327933	0.677508	0.147638	0.170407
0.279721	-0.0242476	0.747296	0.11093	0.158656
0.28976	-0.01321	0.802339	-0.0718146	0.157675
0.299157	-0.00214204	0.839788	-0.132716	0.155425
0.307802	0.0097189	0.852394	-0.198097	0.158372
0.3145	0.019354	0.818425	-0.236763	0.164617
0.318762	0.0236475	0.749124	-0.202549	0.172617
0.320966	0.025421	0.628426	-0.162439	0.176856
0.323148	0.0260012	0.464843	-0.128336	0.178161
0.324106	0.0252932	0.242568	-0.0765819	0.17556
0.324182	0.0253275	-0.160086	0.132903	0.159854
0.324892	0.0239639	-0.443315	0.134405	0.139323
0.325261	0.0244832	-0.651937	0.12726	0.131543
0.327731	0.0223715	-0.791564	0.122356	0.111125
0.330916	0.0183106	-0.844556	0.120538	0.0885014
0.33554	0.0138102	-0.901858	0.122749	0
0.339253	0.00830797	-0.925962	0.137669	-0.0963515
0.343128	0.0026468	-0.949796	0.157695	-0.150947
0.346963	-0.00270499	-0.90509	0.17185	-0.183456
0.348981	-0.00510479	-0.822449	0.169042	-0.165865
0.350481	-0.00660668	-0.712319	0.166592	-0.15399
0.352168	-0.00691089	-0.587166	0.158407	-0.13471
0.353248	-0.0065853	-0.396601	0.138574	-0.0960889
0.35447	-0.0067009	-0.0888602	0.117312	0
0.354306	-0.00587781	0.243075	0.0728923	0.112092
0.354577	-0.00517021	0.493004	-0.250449	-0.494953
0.355693	-0.00480708	0.646615	0.0873244	-0.24135
0.359264	-0.00251657	0.679245	0	-0.23039
0.36004	-0.00141764	0.696634	0.0647792	-0.230339
0.357639	-0.00379589	0.777863	0.120029	-0.222407
0.353623	-0.00782008	0.876861	0.165188	-0.212826
0.351161	-0.0127573	1.00678	0.211888	-0.199261
0.348046	-0.0192232	1.1965	0.297258	-0.168392
0.347746	-0.0260064	1.53011	0.310194	0.138554
0.348586	-0.0318173	1.92423	0.352146	0.277058
0.35001	-0.0343207	2.19829	-0.256763	0.104088
0.348773	-0.0323654	2.43127	-0.118969	0.141849
0.342606	-0.0280138	2.54068	-0.1795	0.16412
0.335178	-0.0236578	2.55779	-0.225729	0.168136
0.334291	-0.0235684	2.54094	-0.154916	0.156458
0.336081	-0.0244211	2.43465	-0.0934357	0.149073
0.335992	-0.0252021	2.27336	0	0.145345
0.335993	-0.02519	2.11157	0.0644956	0.142578
0.336006	-0.0251703	1.89213	0.0997184	0.13104
0.335291	-0.0223099	1.70722	0.0732452	0.134521
0.334844	-0.0182326	1.59089	-0.0795332	0.143613
0.333935	-0.0135431	1.47667	-0.103667	0.152622
0.334364	-0.00825289	1.33241	-0.116176	0.155045
0.335115	-0.00222435	1.22518	-0.158765	0.167862
0.337013	0.00250223	1.10648	-0.164951	0.170915
0.338468	0.00600637	0.98531	-0.166999	0.1744
0.340877	0.00895705	0.866522	-0.176506	0.17881
0.342669	0.0113502	0.705185	-0.165955	0.178731
0.346184	0.0126234	0.560598	-0.170666	0.180581
0.348323	0.0132898	0.347752	-0.141043	0.171856
0.350934	0.0131696	0.0275227	-0.173633	-0.63557
0.35289	0.0122753	-0.32353	-0.271718	-0.19649
0.354373	0.0116687	-0.572109	-0.248513	-0.125394
0.35346	0.0115777	-0.679387	-0.229275	-0.129135
0.349664	0.0149682	-0.729327	-0.252143	0.103974
0.343713	0.0203875	-0.788752	-0.221983	0.0720274
0.337337	0.0255779	-0.839659	-0.218162	0.0779998
0.33052	0.0329502	-0.93316	-0.212268	0.112442
0.326841	0.0407357	-1.10147	-0.207241	0.166174
0.324753	0.0466917	-1.30504	-0.198495	0.21694
0.324332	0.0530059	-1.64295	-0.137601	0.315407
0.324806	0.0588954	-1.90008	0.658041	0.520166
0.32691	0.0630625	-2.13864	0.33753	0.335073
0.328454	0.0651321	-2.37622	0.298939	0.276158
0.325592	0.0642675	-2.54025	0.273802	0.237856
0.318315	0.0611005	-2.62246	0.258467	0.207939
0.307585	0.0563727	-2.69915	0.24275	0.161121
0.294292	0.0522095	-2.73653	0.226454	0.112729
0.280104	0.0473472	-2.75451	-0.3025	0.184633
0.264377	0.0429444	-2.7249	-0.1125	0.150798
0.248871	0.0376119	-2.66402	-0.118933	0.144506
0.238252	0.0327147	-2.66043	-0.108509	0.142665
0.233499	0.0306032	-2.73108	-0.084858	0.138362
0.231508	0.02998	-2.87452	0	0.127099
0.228591	0.0305316	-3.06939	0.0863313	0.107299
0.226198	0.0304344	2.99	0.10389	0.0821707
0.223417	0.0313433	2.81606	0.125257	0
0.221096	0.0313195	2.70141	0.137356	-0.100096
0.216528	0.0332588	2.67339	0.153024	-0.128954
0.21218	0.0350218	2.66794	0.158269	-0.148677
0.209662	0.035763	2.73189	0.150878	-0.126339
0.20742	0.0363254	2.89975	-0.56009	-0.570127
0.205629	0.0367165	3.14002	0.0868698	-0.213498
0.204045	0.0363288	-2.89262	0.214893	-0.13531
0.205576	0.0371647	-2.78302	0.213184	-0.13918
0.209955	0.0381887	-2.66972	0.258965	-0.0989369
0.214507	0.0408121	-2.50508	-0.155207	0.401374
0.214939	0.0411529	-2.33006	-0.0845254	0.181665
0.214506	0.0409317	-2.14782	-0.127613	0.755903
0.213819	0.0392964	-2.112	-0.0847729	0.43965
0.212259	0.0369881	-2.18654	-0.130298	0.332951
0.209791	0.033521	-2.36162	-0.206873	0.201595
0.205431	0.0286209	-2.63269	-0.812386	-0.313182
0.1974	0.0242305	-3.00801	0	-0.703986
0.187583	0.0238757	2.83822	-0.395149	-0.263028
0.181301	0.0242516	2.60215	-0.351469	-0.181859
0.182412	0.0214505	2.50135	-0.162586	0.533232
0.18686	0.0183774	2.43792	-0.127257	0.337964
0.194662	0.0117719	2.38017	0.0729506	0.373313
0.201564	0.00591769	2.25765	0.292831	0.55269
0.203542	0.00483506	2.12001	0.402938	0.64676
0.202103	0.00718695	1.93964	0.853293	1
0.199365	0.0163844	1.70009	0.614183	0.785778
0.196581	0.0306924	1.38104	0.89953	0.987076
0.197176	0.0512854	1.20191	0.756743	0.855617
0.199511	0.0761624	1.13273	-1	-0.451232
0.205514	0.105569	1.12192	-0.492618	-0.249423
0.214151	0.139034	1.02217	-0.373914	-0.133742
0.225026	0.17206	0.903608	-0.363791	-0.103612
0.231754	0.19613	0.799183	-0.336757	0.0789449
0.236151	0.211002	0.714582	-0.313918	0.124553
0.236522	0.219703	0.636858	-0.285589	0.177753
0.235063	0.220645	0.538884	-0.256114	0.230937
0.233468	0.218829	0.401447	-0.207284	0.317678
0.229719	0.216981	0.114905	0.118771	0.446313
0.224413	0.217491	-0.317846	0.410987	0.5803
0.221148	0.218464	-0.630413	0.375892	0.5296
0.222015	0.218378	-0.875786	0.342225	0.48056
0.225746	0.212795	-0.961173	0.251808	0.433531
0.231438	0.204302	-0.956821	0.187668	0.410811
0.239145	0.191276	-0.937457	0.122084	0.376598
0.24965	0.177407	-0.980932	0.0989225	0.356655
0.260155	0.16011	-1.0503	0.0683738	0.33053
0.269026	0.141273	-1.20113	0.0921574	0.320714
0.274828	0.121465	-1.43523	0.136122	0.302108
0.275856	0.102093	-1.83299	0.186499	0.191764
0.272121	0.0860353	-2.10497	0.131288	0.0743119
0.264142	0.0726356	-2.32817	0.0774993	-0.176703
0.253184	0.061368	-2.46068	-0.0669869	-0.230776
0.243261	0.053346	-2.50923	-0.319995	0.567432
0.237374	0.0503569	-2.45958	-0.176587	0.259132
0.237613	0.0500612	-2.48598	-0.142558	0.236699
0.23881	0.0511359	-2.59058	-0.111486	0.230705
0.23822	0.0501694	-2.87198	-0.0648095	0.197433
0.236431	0.0492403	2.99612	0.0983771	0.136291
0.23305	0.0499919	2.65661	0.0999872	0.0998385
0.229226	0.0520212	2.42662	0.0959052	0.0909782
0.224218	0.0564087	2.30262	0.10171	0.0868191
0.218767	0.0622932	2.23611	0.11041	-0.0797155
0.215271	0.0673038	2.20817	0.109518	-0.0794834
0.212461	0.0712967	2.1934	0.110627	-0.0822311
0.211032	0.0741066	2.24735	0.11514	0
0.209817	0.0747673	2.29148	0.11677	0
0.207988	0.076178	2.33882	0.120367	0
0.206973	0.0765259	2.3823	0.122927	0
0.205117	0.0791454	2.47326	0.130108	0.0852651
0.203072	0.0806878	2.5439	0.132845	0.0832395
0.200455	0.0822685	2.59508	0.13538	0.0738479
0.197361	0.0839053	2.66139	0.139408	0.0754706
0.19268	0.0853711	2.71936	0.141511	0
0.187213	0.0875297	2.79711	0.146684	0
0.182159	0.0885515	2.88291	0.150528	0
0.176202	0.0894937	3.0216	0.158659	0.0820732
0.172299	0.089519	-3.06159	0.170478	0.13419
0.168538	0.0890073	-2.91816	-0.135927	-0.500836
0.164095	0.0881986	-2.77206	0.143889	-0.158464
0.159215	0.086261	-2.69676	0.162651	-0.129746
0.155377	0.0857517	-2.65393	0.231673	-0.0842856
0.157311	0.0860253	-2.59765	0.355428	-0.0816665
0.159284	0.0873325	-2.45345	0.320557	-0.0728582
0.159793	0.0874874	-2.30852	0.296536	-0.0811268
0.15598	0.0843395	-2.14251	0.220193	-0.12823
0.153694	0.0792146	-1.94456	0.121352	-0.200323
0.152681	0.0728268	-1.63009	-0.190659	-0.471864
0.152696	0.0647542	-1.22111	-0.382358	-0.79946
0.15569	0.0594321	-0.999344	-0.401796	-0.825701
0.155678	0.0586313	-0.929701	-0.978923	-0.133465
0.153691	0.0615431	-0.946013	-0.582595	-0.407266
0.149255	0.0688574	-0.982368	-0.531453	-0.385854
0.143056	0.0792608	-1.0338	-0.491956	-0.330908
0.134532	0.0939695	-1.13705	-0.371752	-0.170648
0.12806	0.114321	-1.26774	-0.22201	0.139916
0.123043	0.13697	-1.4154	0.413888	0.720025
0.12243	0.162772	-1.65565	0.678732	0.82161
0.124578	0.186179	-1.92405	0.88211	0.973749
0.124687	0.201036	-2.08472	0.845791	0.933634
0.123268	0.208785	-2.21722	0.826494	0.908832
0.118886	0.209446	-2.31686	0.81613	0.891412
0.110072	0.205511	-2.41134	-0.331563	0.100915
0.0980867	0.19841	-2.50534	0.456106	0.627749
0.0801177	0.188754	-2.50718	0.359644	0.550622
0.0616736	0.176652	-2.57841	0.446181	0.620705
0.0518439	0.168604	-2.68245	0.554721	0.70717
0.034956	0.161328	-2.73932	0.500648	0.661986
0.0143323	0.153391	-2.85066	0.561705	0.703648
-0.0115643	0.147391	-2.95375	0.558147	0.690985
-0.0394308	0.142563	-3.09047	0.772435	0.623708
-0.0721588	0.141186	2.92081	0.449267	0.360145
-0.110974	0.147477	2.80436	0.382425	0.315305
-0.148648	0.1579	2.61628	0.256556	0.13409
-0.186154	0.175117	2.53488	0.238589	0.112426
-0.220205	0.195023	2.53295	0.259479	0.138204
-0.25023	0.214048	2.5816	0.274082	0.159087
-0.274814	0.227736	2.6663	0.299471	0.196841
-0.295553	0.237385	2.79013	0.32523	0.246572
-0.314541	0.241457	2.99373	0.355466	0.325944
-0.333719	0.242751	-3.04531	0.367729	0.584079
-0.352256	0.240888	-2.83128	0.194029	0.349111
-0.371597	0.235773	-2.71559	0.132408	0.287047
-0.391247	0.227617	-2.67923	0.0771634	0.243042
-0.415175	0.217613	-2.66401	-0.102929	0.211715
-0.437677	0.207678	-2.70333	-0.141348	0.198047
-0.455169	0.200572	-2.81866	-0.124028	0.213275
-0.468982	0.196984	-3.03146	-0.0826382	0.230049
-0.477334	0.194972	2.95897	-0.0892995	0.351505
-0.484209	0.196999	2.7247	0.223805	0.415348
-0.48986	0.199539	2.51084	0.294091	0.454851
-0.494819	0.204782	2.33376	0.310086	0.463215
-0.500136	0.211574	2.08038	0.389167	0.499617
-0.506028	0.221776	1.87312	0.398668	0.490456
-0.509696	0.237994	1.63107	0.404669	0.464696
-0.510866	0.256917	1.37445	0.390593	0.405937
-0.506686	0.280899	1.19549	0.339017	0.351468
-0.499253	0.305396	1.06549	0.309522	0.309489
-0.489275	0.32974	0.990073	0.289375	0.293163
-0.476245	0.354758	0.911755	0.262069	0.248439
-0.459902	0.378812	0.904814	0.24605	0.239337
-0.443297	0.402051	0.862103	0.210034	0.184653
-0.42697	0.424897	0.868292	0.188489	0.17139
-0.412619	0.444673	0.889144	0.175984	0.162118
-0.400418	0.461728	0.935456	0.167896	0.161315
-0.390067	0.477907	0.958551	0.151595	0.152117
-0.381709	0.492438	0.995631	0.139847	0.15098
-0.374879	0.506188	1.02698	0.11997	0.152399
-0.369329	0.51823	1.03365	0.11099	0.140419
-0.363954	0.530203	1.09068	0.0798869	0.155907
-0.35966	0.540689	1.10279	0.0646623	0.154573
-0.356428	0.549624	1.09508	-0.0664061	0.160126
-0.352288	0.558838	1.09704	-0.412994	-0.207402
-0.348666	0.566792	1.05753	-0.205054	0
-0.346421	0.572536	0.959315	-0.204075	0.0926116
-0.344771	0.575829	0.904355	-0.204951	0.0930343
-0.345541	0.574429	0.894816	-0.211521	0.078813
-0.347043	0.571413	0.859774	-0.218491	0.0854626
-0.349267	0.569107	0.748914	-0.227615	0.113116
-0.351685	0.566553	0.6476	-0.234038	0.126958
-0.3555	0.563443	0.516892	-0.234511	0.155191
-0.359339	0.561187	0.355242	-0.230052	0.199446
-0.363654	0.55971	0.0719356	-0.206514	0.302034
-0.367705	0.559191	-0.241459	-0.0908995	0.293792
-0.37238	0.559822	-0.504072	0.101669	0.297192
-0.37602	0.562597	-0.754741	0.142506	0.309648
-0.377006	0.563306	-1.02394	0.190229	0.309563
-0.376947	0.562759	-1.36399	0.238999	0.290116
-0.376595	0.557835	-1.64466	-0.841883	0.0683352
-0.377134	0.550403	-1.82831	-0.498046	0.159419
-0.379247	0.540227	-1.97742	0.214275	-0.536652
-0.384326	0.52917	-2.07747	-0.251548	-0.239766
-0.384351	0.524314	-2.18099	-0.271003	-0.195378
-0.384618	0.523356	-2.30844	-0.286606	-0.187551
-0.382912	0.524749	-2.36046	-0.271107	-0.191657
-0.381126	0.526919	-2.31885	-0.23027	-0.178523
-0.376353	0.531613	-2.30864	-0.218921	-0.172958
-0.370903	0.537573	-2.2981	-0.205006	-0.168301
-0.363481	0.545352	-2.32867	-0.191053	-0.146937
-0.356839	0.55362	-2.33029	-0.472319	-0.603784
-0.347516	0.562395	-2.37066	-0.291443	-0.332518
-0.339305	0.570852	-2.39574	-0.251096	-0.297054
-0.329826	0.578982	-2.41866	-0.235511	-0.28875
-0.318789	0.589085	-2.38276	-0.138996	-0.229264
-0.304814	0.596486	-2.29391	0.0802483	-0.168407
-0.299006	0.592782	-2.1462	0.148284	-0.128222
-0.294426	0.593231	-2.08552	0.131987	-0.14533
-0.29209	0.597118	-1.98897	0.212938	-0.0979573
-0.293025	0.599597	-1.80967	0.310102	0.174507
-0.29462	0.599641	-1.60589	0.349003	0.263721
-0.295345	0.59925	-1.42546	0.3908	0.330253
-0.293727	0.596616	-1.31101	0.372608	0.306872
-0.291084	0.592002	-1.25247	0.341635	0.2571
-0.287575	0.585723	-1.22384	0.322735	0.224966
-0.28316	0.575484	-1.20842	0.294781	0.17873
-0.279559	0.557905	-1.11289	0.304854	0.192677
-0.273186	0.542476	-1.04151	0.296544	0.174755
-0.265206	0.524714	-0.917277	-0.335526	-0.606466
-0.254933	0.509603	-0.83181	-0.0739443	-0.22854
-0.24214	0.496445	-0.731434	0.0898534	-0.197411
-0.228855	0.484083	-0.632068	0.0723262	-0.20511
-0.221589	0.477257	-0.549828	0.0993164	-0.201431
-0.220329	0.475171	-0.516726	0.131796	-0.194434
-0.220054	0.475335	-0.421055	0.166612	-0.185667
-0.221578	0.47583	-0.29795	0.214334	-0.175168
-0.224182	0.47721	-0.089687	0.259457	-0.076672
-0.227253	0.477255	0.203331	0.259846	0.149096
-0.230592	0.476551	0.455693	0.261317	0.189704
-0.232735	0.475329	0.681559	0.252974	0.203995
-0.231014	0.476382	0.843008	0.234747	0.195557
-0.227673	0.480642	0.943625	0.213687	0.158827
-0.223939	0.487132	1.0156	0.200003	0.153157
-0.219948	0.495887	1.07977	0.177659	0.149702
-0.215561	0.505817	1.12866	0.162432	0.126919
-0.21211	0.516605	1.19	0.138545	0.117069
-0.209149	0.528037	1.2789	0.106805	0.120063
-0.206188	0.540175	1.37024	0.0826266	0.110176
-0.204365	0.552202	1.42626	-0.416437	0.227272
-0.203366	0.562443	1.46979	-0.255884	0.0779179
-0.203161	0.570532	1.48205	-0.241234	0
-0.202616	0.577592	1.46037	-0.227591	0.084386
-0.20266	0.582001	1.30723	-0.141971	0.229897
-0.201167	0.583436	1.22086	-0.141229	0.23263
-0.201609	0.581762	1.11048	0.0643623	0.263796
-0.202799	0.579318	0.976283	0.148376	0.3161
-0.204048	0.576845	0.849962	0.182627	0.337658
-0.203635	0.578059	0.714559	0.210079	0.353316
-0.199691	0.581704	0.610035	0.193606	0.342657
-0.191744	0.586329	0.505152	0.180726	0.333168
-0.182255	0.59138	0.366936	0.201641	0.342378
-0.169259	0.594862	0.166269	0.238428	0.353062
-0.154732	0.595881	0.00709383	0.217309	0.331369
-0.138961	0.594996	-0.214306	0.234078	0.322507
-0.12288	0.59194	-0.452278	0.247268	0.313168
-0.107396	0.586795	-0.640655	-0.593459	-0.093484
-0.0927214	0.578422	-0.803108	-0.0933416	0.257492
-0.079055	0.564354	-0.884915	-0.0869843	0.260209
-0.0678142	0.548591	-0.964841	0	0.276726
-0.0618686	0.54162	-1.04979	0.689345	0.383682
-0.058967	0.538732	-1.21545	0.353488	0.284042
-0.0578788	0.533306	-1.48436	0.283924	0.162918
-0.0578887	0.526621	-1.74162	0.205115	-0.0857466
-0.0598698	0.515415	-1.86398	-0.208004	0.0678851
-0.0636242	0.50161	-1.89105	0.177532	0
-0.0676502	0.486561	-1.79201	0.182935	-0.0689675
-0.0700258	0.478997	-1.70251	0.2134	0.153029
-0.0702105	0.476811	-1.67514	0.240457	0.190863
-0.0700039	0.476011	-1.56768	0.253776	0.248506
-0.0704296	0.4736	-1.46016	0.280203	0.287409
-0.0696589	0.468717	-1.39648	0.291491	0.27566
-0.0683658	0.461652	-1.32882	0.305793	0.302069
-0.0667794	0.451865	-1.2839	0.312393	0.301197
-0.0647067	0.439964	-1.25777	0.312027	0.292716
-0.0612783	0.425422	-1.26271	0.320569	0.283375
-0.0581569	0.408424	-1.25105	0.317097	0.272424
-0.0538807	0.390339	-1.25303	0.319022	0.268344
-0.0499691	0.370932	-1.24418	0.31894	0.264763
-0.0454886	0.350046	-1.21282	0.319982	0.263103
-0.0408589	0.32826	-1.18259	0.324744	0.273225
-0.0343603	0.306477	-1.12177	0.317274	0.272265
-0.0267306	0.285957	-1.0663	0.327727	0.287074
-0.0168878	0.264367	-0.978224	0.316602	0.294639
-0.00538454	0.243479	-0.92574	0.312028	0.291097
0.00765774	0.224053	-0.862459	0.298889	0.285513
0.023208	0.205955	-0.812128	0.275896	0.288373
0.0401761	0.187359	-0.737421	0.262753	0.285938
0.0594624	0.170915	-0.702846	0.240284	0.274846
0.07929	0.155351	-0.640489	0.191906	0.260178
0.100689	0.141228	-0.603616	0.159702	0.253887
0.1218	0.12845	-0.594811	0.12141	0.244445
0.14319	0.116362	-0.585402	-0.0648553	0.221949
0.161393	0.105605	-0.648486	0.0834359	0.226184
0.177351	0.0950641	-0.703987	-0.0655512	0.224994
0.189331	0.0861348	-0.782082	0.0796646	0.236662
0.196198	0.0793237	-0.898132	0.0998516	0.255541
0.201807	0.0722096	-1.01909	0.147132	0.275288
0.20382	0.0665391	-1.20534	0.216375	0.291848
0.20607	0.059798	-1.43537	0.277968	0.304241
0.206277	0.0495381	-1.66046	0.300784	0.272189
0.205121	0.0386829	-1.8504	0.304366	0.235284
0.201761	0.025348	-1.93221	0.277318	0.203383
0.197308	0.0106885	-1.97572	0.278176	0.181919
0.191346	-0.00619572	-1.9536	0.276976	0.174142
0.18556	-0.0233212	-1.91091	0.274027	0.169744
0.18085	-0.0414804	-1.84375	0.278729	0.16766
0.176872	-0.0605155	-1.70501	0.30388	0.216542
0.174733	-0.0798676	-1.55569	0.323721	0.249099
0.175766	-0.0995731	-1.32815	0.351142	0.322684
0.1796	-0.119155	-1.18442	0.335778	0.3001
0.185482	-0.137561	-1.0479	0.339958	0.322794
0.194255	-0.157253	-0.935282	0.321398	0.311401
0.206434	-0.176274	-0.846355	0.30543	0.305593
0.220934	-0.194969	-0.817171	0.287246	0.281757
0.238467	-0.213155	-0.775812	0.265355	0.275391
0.256954	-0.23126	-0.720788	0.258439	0.275925
0.276547	-0.247321	-0.702768	0.235051	0.251709
0.297605	-0.26396	-0.668599	0.20957	0.246837
0.317447	-0.277572	-0.673921	0.203188	0.225486
0.336617	-0.290603	-0.63403	0.180981	0.228074
0.355781	-0.302111	-0.611801	0.179622	0.210622
0.374183	-0.312773	-0.618766	0.185169	0.207224
0.390811	-0.322135	-0.602244	0.169086	0.193592
0.406447	-0.330647	-0.590994	0.17579	0.185612
0.42109	-0.339178	-0.576316	0.166818	0.183056
0.435165	-0.347074	-0.582381	0.167107	0.193799
0.448147	-0.353892	-0.586876	0.165178	0.188155
0.461285	-0.361584	-0.582659	0.154376	0.175586
0.473796	-0.367927	-0.578593	0.145803	0.167406
0.485958	-0.374779	-0.569709	0.138321	0.177117
0.497828	-0.381014	-0.580735	0.147026	0.159925
0.508835	-0.387383	-0.574012	0.137558	0.16966
0.519209	-0.393131	-0.581736	0.142469	0.16446
0.530272	-0.39917	-0.590254	0.134919	0.157341
0.540383	-0.404692	-0.600291	0.123439	0.16716
0.55029	-0.410915	-0.618632	0.139645	0.157263
0.559499	-0.416408	-0.640661	0.142996	0.169421
0.568466	-0.422473	-0.66877	0.141674	0.164302
0.576884	-0.428751	-0.694377	0.151352	0.162605
0.585263	-0.434943	-0.723906	0.147875	0.159696
0.592994	-0.441309	-0.723669	0.153423	0.165467
0.601035	-0.448098	-0.755454	-0.254404	-0.753298
0.608953	-0.45583	-0.749229	-0.100306	-0.307356
0.616653	-0.462213	-0.756761	-0.380957	0.171972
0.619244	-0.465561	-0.704499	-0.189948	-0.156597
0.616509	-0.464303	-0.664731	-0.134462	-0.195062
0.612565	-0.461731	-0.681755	-0.0991297	-0.199259
0.609016	-0.458627	-0.71304	-0.0674305	-0.198375
0.603913	-0.453841	-0.742504	0.10603	-0.198768
0.598512	-0.448241	-0.728643	0.175608	-0.187713
0.592362	-0.442852	-0.679494	0.211928	-0.175595
0.585101	-0.438042	-0.577587	0.274168	-0.163041
0.581933	-0.437664	-0.398982	0.217962	-0.0815124
0.579754	-0.437065	-0.182031	0.21916	0.0976071
0.578594	-0.437589	0.202672	0.213303	0.184887
0.580376	-0.438011	0.471218	0.17785	0.159346
0.584333	-0.435756	0.582252	0.150553	0.139801
0.590631	-0.431666	0.650516	0.115621	0.121572
0.597402	-0.426817	0.688172	0.0776985	0.121783
0.603563	-0.42087	0.709879	-0.0955738	0.141598
0.610858	-0.414332	0.742371	-0.191142	0.161418
0.6171	-0.408125	0.728606	-0.260479	0.185517
0.621542	-0.404618	0.726583	-0.17608	0.0823125
0.622949	-0.403529	0.630316	-0.154703	0.0918597
0.623305	-0.40317	0.505257	-0.164411	0.125589
0.623546	-0.403446	0.327969	-0.173337	0.151468
0.62347	-0.404431	0.136443	-0.182411	0.187678
0.621915	-0.404559	-0.111114	-0.17939	0.223875
0.621021	-0.404925	-0.351289	-0.0987083	0.179565
0.619928	-0.404813	-0.560077	-0.0641507	0.17786
0.61898	-0.40482	-0.776543	0.0818399	0.175085
0.619981	-0.404703	-1.00219	0.0790106	0.172666
0.621346	-0.407545	-1.1585	0.0923412	0.15658
0.622916	-0.411888	-1.29776	0.117617	0.135373
0.624143	-0.418028	-1.44794	0.139362	0.0936204
0.623839	-0.424739	-1.57082	0.156573	-0.0756236
0.624029	-0.431014	-1.72444	0.171279	-0.137076
0.62271	-0.438529	-1.75921	0.17079	-0.17442
0.621601	-0.445505	-1.65665	0.170811	-0.170674
0.621711	-0.448266	-1.48434	0.163943	-0.100448
0.622779	-0.450063	-1.20484	0.158039	0.0812684
0.623872	-0.451095	-1.01189	0.155309	0.0816751
0.625095	-0.451593	-0.844777	0.140059	0.0881138
0.627683	-0.453507	-0.74711	0.138251	0
0.631567	-0.456505	-0.667731	0.140977	-0.0862933
0.635962	-0.459905	-0.610014	0.15066	-0.118687
0.641125	-0.46295	-0.513219	0.154713	-0.138026
0.645036	-0.464552	-0.398305	0.15031	-0.127418
0.648208	-0.465262	-0.242165	1	0
0.651953	-0.46511	0.0165407	1	0
0.653951	-0.464648	0.283785	1	0
0.658028	-0.462349	0.539369	1	0
0.667199	-0.456157	0.734082	1	0
0.678921	-0.446016	1.04589	1	0
0.685666	-0.43318	1.46771	1	0
0.689442	-0.416505	2.1262	0	-1
0.687522	-0.39784	2.61691	0	-1
0.678481	-0.382753	-2.99952	0	-1
0.670794	-0.372901	-2.46904	0	-1
0.666618	-0.361055	-2.01535	0	-1
0.665061	-0.345327	-1.26497	1	0
0.66061	-0.323385	-0.760183	1	0
0.650902	-0.306241	-0.0341084	-0.443262	-0.341267
0.638266	-0.294398	0.707949	0.101694	-0.287648
0.631452	-0.281924	1.20609	0.258329	-0.18468
0.627136	-0.265403	1.92326	0.384143	0.120798
0.626347	-0.255199	2.24221	0.275842	0.214295
0.626446	-0.249297	2.52322	0.268147	0.262099
0.622003	-0.246132	2.81548	0.84303	1
0.612817	-0.244224	3.01975	0.672152	0.760389
0.601368	-0.243772	-3.07601	0.468332	0.581882
0.585777	-0.244056	-2.98349	0.432263	0.541635
0.565192	-0.245295	-3.01942	0.51029	0.588374
0.540668	-0.246616	-3.03611	0.468365	0.552936
0.510263	-0.246756	-3.06338	0.438732	0.525151
0.476905	-0.247415	-3.0648	0.367899	0.470054
0.440712	-0.246868	-3.09461	0.344199	0.445949
0.403473	-0.245435	3.1306	-0.290811	-0.0802609
0.365178	-0.242666	3.03896	0.33658	0.142378
0.326779	-0.237665	2.98719	0.194721	0.433718
0.292898	-0.231659	2.80358	-0.504851	-0.903431
0.268334	-0.226661	2.72197	0.712945	1
0.248702	-0.220633	2.73253	0.353815	0.424997
0.230362	-0.215205	2.64414	0.344801	0.354614
0.221444	-0.21159	2.62272	0.32564	0.347616
0.21773	-0.211781	2.5918	-0.423428	0.19926
0.207137	-0.20676	2.58425	0.0687425	0.315395
0.193541	-0.200415	2.53695	0.511664	0.619617
0.182403	-0.193907	2.45298	-0.273777	-0.336464
0.17639	-0.190878	2.3052	0.0726053	0.161025
0.170482	-0.183501	2.1434	0.607298	0.300228
0.163089	-0.173581	2.07878	0.255116	0.118193
0.161623	-0.170828	2.07274	0.25222	0.14834
0.159573	-0.165884	1.99808	0.226253	0.086238
0.155919	-0.15624	2.01892	0.216209	0.0748038
0.151403	-0.146065	2.0638	0.211226	0
0.145953	-0.134147	2.16628	0.212182	0.0746818
0.138814	-0.123161	2.25577	0.215713	0.103946
0.132107	-0.115536	2.38281	1	0.436564
0.124727	-0.11002	2.57065	0.207582	-0.179371
0.117218	-0.106505	2.74728	-0.128802	-0.356071
0.105884	-0.103772	2.97977	-0.371894	-0.661934
0.0908444	-0.101393	-2.98576	-0.577526	-1
0.0822518	-0.101224	-2.7681	-0.558752	-1
0.0800361	-0.0996931	-2.68297	-0.532129	-0.964002
0.0829683	-0.0980925	-2.68486	-0.406152	-0.821045
0.0900335	-0.0949183	-2.70237	-0.344344	-0.756316
0.101519	-0.0906093	-2.74987	-0.254847	-0.656423
0.118899	-0.0867957	-2.88278	0.0661338	-0.420018
0.140211	-0.08458	-2.94741	0.628864	0.609136
0.164848	-0.0831346	-2.9035	0.426027	0.676509
0.190444	-0.0779431	-2.64424	0.198706	-0.355011
0.208744	-0.0730372	-2.38601	0.110181	0.478744
0.220299	-0.0745332	-2.14902	0	0.195877
0.225514	-0.0805501	-1.97703	-0.100079	0.152437
0.226884	-0.0842054	-1.88023	-0.0997963	0.151298
0.225386	-0.0904154	-1.91753	-0.220306	0.118932
0.224615	-0.095705	-1.99886	0.0644812	0.204223
0.223013	-0.0977341	-2.09101	0.227012	0.221906
0.221927	-0.0996855	-2.22361	0.183044	0.219987
0.22036	-0.101738	-2.3285	0.548875	0.558313
0.216319	-0.105018	-2.38965	-0.137118	0.178293
0.21082	-0.109939	-2.45823	0.18889	0.293519
0.202667	-0.11674	-2.56202	0.242009	0.325886
0.191224	-0.123762	-2.71378	0.311814	0.363387
0.18331	-0.127789	-2.84595	0.330979	0.370204
0.173491	-0.129944	-3.00967	0.377241	0.380621
0.160724	-0.131824	3.09357	0.38818	0.362161
0.142997	-0.130424	2.97868	0.354985	0.313001
0.123558	-0.126936	2.88314	0.32914	0.27051
0.101203	-0.121377	2.87124	0.284385	0.22664
0.0772172	-0.115251	2.88195	0.254515	0.189402
0.0531102	-0.109547	2.96435	0.228243	0.177427
0.0280464	-0.104456	3.01739	0.205424	0.143241
0.00263827	-0.100944	3.12225	0.172769	0.157457
-0.0201404	-0.0986144	-3.06582	0.152289	0.153827
-0.0395183	-0.0990041	-2.91091	0.131428	0.171821
-0.0554279	-0.102093	-2.77993	0.130934	0.185061
-0.069749	-0.105705	-2.69738	0.133844	0.1928
-0.0810017	-0.109854	-2.65738	0.106209	0.202431
-0.0923273	-0.114782	-2.64758	0	0.203939
-0.102752	-0.119701	-2.65975	-0.0741394	0.202059
-0.113197	-0.124162	-2.70674	-0.0810703	0.203456
-0.122692	-0.127298	-2.78635	-0.0719069	0.20916
-0.128751	-0.129338	-2.94242	0.108279	0.231014
-0.133449	-0.129476	3.11557	0.172179	0.250067
-0.137108	-0.129699	2.85707	0.216856	0.256344
-0.143504	-0.127408	2.70706	0.180598	0.246429
-0.150967	-0.125275	2.56675	0.179066	0.24886
-0.160418	-0.120396	2.47009	0.147089	0.246487
-0.170493	-0.112961	2.40432	0.106267	0.240098
-0.179793	-0.105037	2.31488	0.0983172	0.239547
-0.189355	-0.0953341	2.23113	0.066541	0.233034
-0.198212	-0.0839317	2.14395	-0.0801628	0.226525
-0.206022	-0.0713631	2.04568	-0.107256	0.219477
-0.21043	-0.0611414	1.92852	-0.0925335	0.226968
-0.213267	-0.0520239	1.71262	0.0891423	0.251284
-0.213559	-0.0447566	1.38966	0.183739	0.276636
-0.212248	-0.037477	1.11139	0.185868	0.264447
-0.210015	-0.0310457	0.929625	0.168163	0.250985
-0.20487	-0.0225945	0.79071	0.137629	0.235702
-0.196909	-0.0139473	0.67792	0.112829	0.223459
-0.187403	-0.00614656	0.568233	0.0948232	0.210653
-0.176441	0.000800825	0.466296	0.0765777	0.201134
-0.164972	0.00583514	0.332158	0.931826	1
-0.152539	0.00942429	0.165488	0.512823	0.553337
-0.139635	0.0101197	-0.0189574	0.462268	0.465724
-0.130055	0.0102343	-0.202799	0.436255	0.410379
-0.114605	0.00761851	-0.272614	0.395068	0.384237
-0.0935116	0.00326446	-0.332654	-0.220433	-0.231752
-0.0706604	-0.00313532	-0.340591	0.151098	0.117434
-0.0444511	-0.0115168	-0.294357	0.141709	0.0843851
-0.0190268	-0.0189554	-0.277792	0.129251	-0.100544
-0.00312762	-0.0228376	-0.331946	0.142082	-0.1311
0.00914431	-0.0266189	-0.28607	0.147426	-0.141117
0.0177609	-0.028559	-0.218702	0.154948	-0.13372
0.0226759	-0.0295348	-0.0598283	0.157534	-0.0920855
0.0256533	-0.0285566	0.164329	0.150794	0.0817041
0.027834	-0.0272572	0.366871	0.138885	0.104865
0.0300536	-0.0256184	0.537792	0.125452	0.112447
0.0317348	-0.0247436	0.655431	0.122696	0.105775
0.034546	-0.0222411	0.716111	0.109936	0.102181
0.0386616	-0.0190343	0.757494	0.0980155	0.0964573
0.042733	-0.0152341	0.785211	-0.284981	-0.53469
0.0464531	-0.0103114	0.821892	-0.104619	-0.244989
0.0502751	-0.00563399	0.847135	-0.0880199	-0.223006
0.0537957	-0.00176731	0.884498	-0.0759992	-0.222694
0.0526435	-0.00425214	0.903945	-0.0694248	-0.218439
0.0496386	-0.00911915	0.968458	0.0841875	-0.209407
0.0454147	-0.014984	1.06287	0.116305	-0.202265
0.0437218	-0.0216683	1.21106	0.168683	-0.192528
0.0426617	-0.0291058	1.44291	0.253096	-0.170402
0.0434572	-0.036106	1.75595	0.279291	-0.0741448
0.0453182	-0.0434768	1.98677	0.26212	0.106932
0.0479459	-0.0465835	2.2355	0.271778	0.152823
0.0490957	-0.0478174	2.44935	0.67251	0.638637
0.0471987	-0.0458492	2.58003	0.438378	0.366367
0.0417022	-0.043025	2.67428	0.396329	0.318881
0.0331045	-0.0391891	2.78309	0.373895	0.31243
0.0185673	-0.0349809	2.89592	0.340232	0.290286
6.24064e-05	-0.0305554	2.98629	0.300952	0.256988
-0.0205242	-0.0279837	3.11281	0.262515	0.241918
-0.0431362	-0.0262268	-3.05137	0.214895	0.210798
-0.0687311	-0.0255499	-2.96665	0.17782	0.17441
-0.0921699	-0.0272682	-2.89846	0.156227	0.160189
-0.114767	-0.0301527	-2.80656	0.114546	0.142684
-0.133124	-0.0345451	-2.8031	0.126559	0.135809
-0.149017	-0.0384408	-2.72177	0.093976	0.134545
-0.161418	-0.0424984	-2.74126	0.113261	0.129493
-0.172639	-0.0458325	-2.71752	0.101946	0.131771
-0.181424	-0.0490956	-2.77223	0.120594	0.125798
-0.189208	-0.0517405	-2.82223	0.124147	0.12405
-0.197372	-0.0532522	-2.83217	0.114699	0.123002
-0.204402	-0.0548369	-2.90469	0.130639	0.116127
-0.212218	-0.0559053	-2.92229	0.123839	0.118319
-0.219652	-0.0572015	-2.9426	0.127828	0.120255
-0.226129	-0.0583249	-2.97491	0.12561	0.126296
-0.233761	-0.0589148	-2.91552	-0.0756793	0.170098
-0.24126	-0.0599277	-2.92942	-0.090529	0.169808
-0.247548	-0.0611425	-2.93805	-0.107643	0.172021
-0.252268	-0.0621751	-3.07362	-0.0660064	0.169773
-0.25633	-0.0614947	3.04858	0.0661473	0.168977
-0.260034	-0.0607064	2.86404	0.0852872	0.169
-0.263952	-0.0596259	2.70211	0.0843376	0.170789
-0.268025	-0.0575549	2.57697	0.071608	0.173334
-0.272225	-0.0551972	2.46192	0.0645832	0.176365
-0.277607	-0.0512726	2.371	-0.0857411	0.181405
-0.282289	-0.0474234	2.27758	-0.0936144	0.183748
-0.286324	-0.0415977	2.18745	-0.117919	0.184275
-0.290967	-0.035658	2.05873	-0.125408	0.187646
-0.293243	-0.0295463	1.9398	-0.132098	0.188391
-0.294571	-0.0242371	1.73267	-0.0970467	0.191467
-0.295014	-0.018542	1.50561	-0.0840888	0.191653
-0.294001	-0.0131041	1.23344	-0.478065	0.166195
-0.29173	-0.00738649	1.05409	-0.355288	0.181389
-0.289507	-0.00236416	0.907244	-0.357156	0.188764
-0.286051	0.00274123	0.748824	0.348979	-0.551771
-0.283984	0.00385732	0.613385	-0.129874	-0.197852
-0.282457	0.00302171	0.377651	-0.204676	-0.16059
-0.285341	0.00326168	0.168195	-0.204336	-0.12961
-0.287118	0.00268038	0.230143	-0.151642	-0.151962
-0.291865	0.00178988	0.265288	-0.135951	-0.142223
-0.297879	0.000581758	0.270039	-0.131442	-0.132069
-0.304364	-0.00106473	0.26386	-0.124435	-0.122096
-0.311623	-0.00267099	0.261604	-0.114144	-0.113216
-0.319741	-0.00385591	0.273844	0.37125	0.541311
-0.326873	-0.00556121	0.280831	0.180101	0.250169
-0.333797	-0.00717527	0.290586	0.166804	0.229923
-0.340128	-0.0087656	0.281342	0.177469	0.231947
-0.340016	-0.00899922	0.26067	0.164925	0.217425
-0.33575	-0.00790039	0.213089	0.154391	0.199476
-0.329809	-0.00679866	0.16988	0.145089	0.186409
-0.322377	-0.00570068	0.095264	0.142183	0.167738
-0.313486	-0.00549923	0.0365608	0.1331	0.145667
-0.304373	-0.00478599	-0.0505779	0.129678	0.126288
-0.294487	-0.00534988	-0.0974405	0.12087	0.103196
-0.284957	-0.00595201	-0.175032	0.564516	0.577317
-0.275909	-0.00661798	-0.196736	0.286227	0.281047
-0.266203	-0.00861612	-0.212484	0.251878	0.236276
-0.255367	-0.0105209	-0.214444	0.238642	0.220018
-0.239591	-0.0128468	-0.224398	-0.184515	-0.655367
-0.220432	-0.0164214	-0.251055	-0.351277	0.199508
-0.200566	-0.0206759	-0.186082	-0.16822	-0.0944355
-0.184079	-0.023844	-0.21372	-0.182526	-0.109301
-0.176819	-0.0263019	-0.189806	-0.166883	-0.108897
-0.176755	-0.0262886	-0.204262	-0.156436	-0.0876176
-0.180832	-0.0253856	-0.250496	-0.149537	0
-0.184474	-0.0253781	-0.300494	0.584053	0.260319
-0.189421	-0.0241505	-0.352201	0.238195	0.130145
-0.195467	-0.0224262	-0.416499	0.213583	0.116788
-0.198423	-0.0215273	-0.465302	0.209945	0.104543
-0.196026	-0.0223607	-0.451105	0.203681	0.0987372
-0.19089	-0.0244786	-0.384737	0.19907	0.0986232
-0.185295	-0.0264663	-0.291524	0.197791	0.104982
-0.178027	-0.0283225	-0.16187	0.191102	0.112548
-0.171313	-0.028987	-0.0189455	0.184718	0.125995
-0.162959	-0.0283927	0.139883	0.169978	0.131021
-0.154194	-0.0277153	0.28391	0.153413	0.124309
-0.146432	-0.0256842	0.382609	0.142707	0.119191
-0.137749	-0.0227059	0.471868	0.122232	0.112893
-0.129535	-0.0185803	0.525779	0.103847	0.109467
-0.12131	-0.0143213	0.566645	0.0870327	0.106697
-0.113174	-0.0093365	0.59237	-0.064713	0.11106
-0.105467	-0.00416251	0.614451	-0.102311	0.126225
-0.0999818	-0.000389976	0.615717	0.37084	0.537916
-0.0952009	0.00343365	0.587424	0.170076	0.280575
-0.0919222	0.00551316	0.524642	0.174581	0.265041
-0.088368	0.00718958	0.403442	0.20372	0.264983
-0.0787962	0.0100299	0.297431	0.179924	0.243092
-0.0673475	0.0128677	0.160751	0.176973	0.222457
-0.0540226	0.0140196	0.0445875	0.164389	0.201423
-0.041027	0.0149747	-0.0933883	0.159557	0.17668
-0.0265763	0.0138166	-0.18357	0.140581	0.151203
-0.0119491	0.0111029	-0.254223	0.130583	0.127854
0.00117827	0.00881245	-0.355792	0.127405	0.0970569
0.0163375	0.00367412	-0.345322	-0.545754	-0.3742
0.028416	0.000499427	-0.372309	-0.262978	-0.171718
0.0377198	-0.00279513	-0.36514	-0.238117	-0.161448
0.0440137	-0.00431753	-0.330784	-0.236445	-0.171452
0.0430546	-0.00446865	-0.316172	-0.221574	-0.153362
0.0384931	-0.00340588	-0.320056	-0.210639	-0.135679
0.0326965	-0.00169915	-0.317713	-0.200863	-0.126055
0.0245072	-2.75488e-05	-0.340194	-0.191381	-0.106223
0.0160112	0.00247312	-0.340706	-0.17995	-0.0977725
0.00678653	0.00548856	-0.385022	-0.174213	-0.0735902
-0.00197815	0.00771424	-0.399887	-0.167759	-0.0698014
-0.0116608	0.0110066	-0.468409	-0.163544	0.079404
-0.0207936	0.014651	-0.542098	-0.163505	0.0936019
-0.030019	0.0200568	-0.607431	-0.162654	0.106361
-0.0354813	0.0236016	-0.69538	-0.173248	0.115605
-0.0375122	0.0259366	-0.794569	-0.183965	0.127882
-0.0400011	0.0278344	-0.894735	-0.188297	0.142842
-0.0417705	0.0308318	-1.01985	-0.196951	0.160869
-0.0430261	0.0341248	-1.19225	-0.206971	0.196025
-0.0436016	0.0379987	-1.42158	-0.215242	0.238505
-0.04472	0.0412009	-1.75622	-0.150879	0.244455
-0.0436812	0.0452912	-2.02713	-0.0877995	0.209865
-0.0430117	0.0464968	-2.24899	-0.076275	0.203701
-0.0418889	0.0468086	-2.47295	0.0703519	0.194795
-0.0423124	0.0462656	-2.75415	0.0971216	0.172903
-0.0448857	0.0443186	-3.07583	0.118224	0.12944
-0.0502289	0.0445066	2.97326	0.110661	0.110981
-0.0566001	0.0452899	2.803	0.110283	0.0958459
-0.0636918	0.0474236	2.68756	0.113587	0.0942259
-0.0707165	0.0501834	2.62412	0.116836	0.100833
-0.0776648	0.0537601	2.58734	0.134461	0.0776472
-0.0830869	0.056912	2.58879	-0.734443	-0.552945
-0.0880854	0.0594718	2.5563	-0.34625	-0.261324
-0.0932696	0.0630228	2.58778	-0.304929	-0.250625
-0.095106	0.063475	2.58209	-0.301622	-0.237102
-0.0922838	0.0637244	2.63386	-0.269128	-0.234815
-0.0856591	0.0604997	2.61308	-0.264437	-0.21144
-0.0764668	0.0553398	2.57578	-0.25167	-0.187757
-0.0658392	0.0502895	2.53662	-0.238576	-0.171854
-0.0546371	0.043248	2.51316	-0.229689	-0.143511
-0.0429328	0.0345206	2.47403	-0.224069	-0.107962
-0.03097	0.02527	2.43124	-0.217616	-0.0734858
-0.0197768	0.0161457	2.40595	-0.209552	0.0860396
-0.00948728	0.00691566	2.3685	-0.208987	0.130533
0.000416291	-0.00297701	2.30308	-0.207192	0.211176
0.00740867	-0.0111651	2.17235	-0.211057	0.288511
0.0109044	-0.0186725	1.99048	-0.161869	0.300687
0.0123518	-0.0251145	1.72273	-0.248218	0.306091
0.0113503	-0.0302207	1.26992	-0.380478	0.167832
0.00991946	-0.0315393	0.981469	-0.428643	0.206029
0.00970095	-0.0306004	0.709153	0.256247	-0.487196
0.0114402	-0.0298408	0.400133	-0.229046	-0.15301
0.0112534	-0.0303411	-0.0701288	-0.299916	0
0.00778015	-0.0294936	-0.392769	-0.260862	0.112473
0.00468901	-0.0284369	-0.429459	-0.234373	0.0814527
-9.75952e-05	-0.0279102	-0.489336	-0.22978	0.0962769
-0.00498511	-0.0258622	-0.619852	-0.204987	0.66728
-0.0104811	-0.0223353	-0.773393	-0.232758	0.317663
-0.0148548	-0.0173007	-0.941151	-0.241815	0.286178
-0.0181915	-0.0111489	-1.19811	-0.254644	0.24153
-0.0197683	-0.00884714	-1.6826	-0.405172	0.186263
-0.0193296	-0.0073594	-2.12025	-0.509235	0.219749
-0.0186163	-0.00830719	-2.48607	0.174014	-0.457952
-0.0194547	-0.0079197	-2.88661	-0.291248	-0.0955221
-0.017707	-0.00854161	2.81814	0.396087	0.455667
-0.0132226	-0.00785245	2.46295	0.14097	0.114818
-0.0090989	-0.0109396	2.36139	0.109251	0.116194
-0.00726494	-0.0132895	2.31955	0.103685	0.120327
-0.00961245	-0.00969773	2.29746	0.0955356	0.110761
-0.0141689	-0.00602253	2.31805	0.0885346	0.114304
-0.0180984	-0.00246744	2.29767	0.0901175	0.100437
-0.0209668	0.00346393	2.30391	0.0902576	0.103516
-0.0248944	0.00686722	2.2824	0.0906994	0.0910814
-0.028994	0.0117023	2.29021	0.0889571	0.0932956
