-0.253857	0.0382652	-0.704593	0	0
-0.253934	0.0383782	-0.685099	0	0
-0.253933	0.0384742	-0.690718	0	0
-0.25389	0.0385585	-0.709794	0	0
-0.253942	0.0385929	-0.705584	0	0
-0.253716	0.0386674	-0.708586	0	0
-0.253871	0.038785	-0.698853	0	0
-0.25384	0.0387775	-0.693656	0	0
-0.253859	0.0387355	-0.704703	0	0
-0.253886	0.0387172	-0.6976	0	0
-0.253802	0.0387364	-0.702743	0	0
-0.254018	0.0385355	-0.68907	0	0
-0.253813	0.0387932	-0.695724	0	0
-0.253956	0.0386875	-0.707589	0	0
-0.253802	0.038734	-0.699478	0	0
-0.253913	0.0384515	-0.691836	0	0
-0.253746	0.0386846	-0.701817	0	0
-0.253866	0.0386386	-0.698148	0	0
-0.253918	0.038141	-0.700506	0	0
-0.253908	0.0384685	-0.699861	0	0
-0.253895	0.038559	-0.69665	0	0
-0.254038	0.0386146	-0.696618	0	0
-0.253858	0.038827	-0.707519	0	0
-0.253858	0.0386674	-0.697071	0	0
-0.253802	0.0387364	-0.70142	0	0
-0.253747	0.0387695	-0.693864	0	0
-0.253917	0.0387187	-0.697013	0	0
-0.25379	0.0386843	-0.711077	0	0
-0.253835	0.0390386	-0.711013	0	0
-0.253789	0.0388168	-0.707451	0	0
-0.253823	0.038885	-0.703438	0	0
-0.253892	0.0387183	-0.701387	0	0
-0.253881	0.038691	-0.70266	0	0
-0.25381	0.0386996	-0.706311	0	0
-0.253779	0.0386222	-0.69773	0	0
-0.253894	0.0385185	-0.703802	0	0
-0.253824	0.0385376	-0.689054	0	0
-0.25384	0.0390078	-0.695395	0	0
-0.253957	0.0384513	-0.690788	0	0
-0.253942	0.0385929	-0.689006	0	0
-0.253771	0.0384186	-0.699063	0	0
-0.253942	0.0387191	-0.698752	0	0
-0.253764	0.0385541	-0.692393	0	0
-0.253796	0.0384579	-0.69442	0	0
-0.253833	0.038853	-0.697964	0	0
-0.253822	0.0386106	-0.699551	0	0
-0.253741	0.0387016	-0.696551	0	0
-0.253881	0.0387467	-0.709571	0	0
-0.253736	0.0385671	-0.702958	0	0
-0.253845	0.0386718	-0.694556	0	0
-0.253839	0.038668	-0.69484	0	0
-0.25385	0.0388659	-0.7089	0	0
-0.253993	0.0385855	-0.711327	0	0
-0.253733	0.0388866	-0.702956	0	0
-0.253857	0.0388238	-0.707456	0	0
-0.253942	0.0385923	-0.692688	0	0
-0.253869	0.038688	-0.692427	0	0
-0.253819	0.0383613	-0.699244	0	0
-0.25384	0.038469	-0.696969	0	0
-0.253969	0.0385474	-0.70365	0	0
-0.253754	0.0385768	-0.68989	0	0
-0.253944	0.038767	-0.711126	0	0
-0.253842	0.0387163	-0.707496	0	0
-0.25401	0.0385413	-0.69641	0	0
-0.25377	0.0386112	-0.691007	0	0
-0.253725	0.0386838	-0.70078	0	0
-0.25381	0.0387074	-0.691078	0	0
-0.253812	0.0386729	-0.694442	0	0
-0.253736	0.0387837	-0.706213	0	0
-0.25384	0.0385144	-0.697618	0	0
-0.253869	0.0387038	-0.699406	0	0
-0.253669	0.0385827	-0.698778	0	0
-0.253874	0.0384015	-0.6911	0	0
-0.25449	0.0387854	-0.700009	0	0
-0.253389	0.0392479	-0.679112	0	0
-0.262119	0.036004	-0.666922	0	0
-0.253556	0.0348602	-0.663619	0	0
-0.247067	0.0372636	-0.683508	0	0
-0.246194	0.0391112	-0.659012	0	0
-0.255344	0.034791	-0.646977	0	0
-0.252455	0.0371658	-0.629993	0	0
-0.250607	0.0377618	-0.675702	0	0
-0.255001	0.0370684	-0.680604	0	0
-0.255719	0.0381984	-0.679538	0	0
-0.248433	0.0393345	-0.697991	0	0
-0.248323	0.0385135	-0.680081	0	0
-0.246996	0.0390715	-0.670471	0	0
-0.246615	0.0381582	-0.676991	0	0
-0.245459	0.038969	-0.695552	0	0
-0.245352	0.0398696	-0.68626	0	0
-0.245831	0.038553	-0.697273	0	0
-0.245891	0.0378071	-0.667173	0	0
-0.246125	0.0395351	-0.677296	0	0
-0.245984	0.0380578	-0.681923	0	0
-0.245589	0.0380335	-0.672101	0	0
-0.245252	0.0396264	-0.6809	0	0
-0.246198	0.0383089	-0.681847	0	0
-0.245138	0.0379402	-0.692688	0	0
-0.245481	0.0393716	-0.679449	0	0
-0.245082	0.0385534	-0.683445	0	0
-0.245609	0.0384631	-0.691445	0	0
-0.245517	0.0389248	-0.676345	0	0
-0.245752	0.0389023	-0.677785	0	0
-0.245732	0.0382702	-0.672017	0	0
-0.245717	0.0383527	-0.667628	0	0
-0.245155	0.0389037	-0.678078	0	0
-0.245252	0.038211	-0.685648	0	0
-0.244982	0.0384267	-0.678257	0	0
-0.245218	0.0385987	-0.68074	0	0
-0.24523	0.0384928	-0.673495	0	0
-0.245375	0.0385694	-0.68046	0	0
-0.245548	0.0387068	-0.681004	0	0
-0.245715	0.038653	-0.675806	0	0
-0.245634	0.0384075	-0.671612	0	0
-0.245457	0.0385863	-0.681289	0	0
-0.245043	0.0387486	-0.677345	0	0
-0.245218	0.0386307	-0.686836	0	0
-0.245006	0.0387407	-0.678828	0	0
-0.245315	0.0382533	-0.685847	0	0
-0.245038	0.0386676	-0.68415	0	0
-0.245297	0.038972	-0.680651	0	0
-0.245674	0.0389912	-0.682184	0	0
-0.245576	0.0377457	-0.680279	0	0
-0.245398	0.0387279	-0.685834	0	0
-0.245166	0.0383808	-0.675747	0	0
-0.244986	0.0377747	-0.681782	0	0
-0.245037	0.0387724	-0.694791	0	0
-0.245122	0.0391172	-0.680252	0	0
-0.245147	0.0383872	-0.68601	0	0
-0.245038	0.0384713	-0.684445	0	0
-0.245168	0.0385487	-0.671333	0	0
-0.245191	0.0383025	-0.67411	0	0
-0.245513	0.0384574	-0.674617	0	0
-0.245446	0.0389139	-0.676122	0	0
-0.245332	0.0382416	-0.68353	0	0
-0.245117	0.0382679	-0.672697	0	0
-0.24493	0.0385397	-0.687358	0	0
-0.24493	0.0384501	-0.687867	0	0
-0.244837	0.0387941	-0.677821	0	0
-0.245104	0.038984	-0.67895	0	0
-0.245171	0.0382537	-0.680513	0	0
-0.245342	0.0382791	-0.670095	0	0
-0.245539	0.0386918	-0.682134	0	0
-0.245178	0.0381992	-0.674845	0	0
-0.245011	0.0381227	-0.671275	0	0
-0.245018	0.0387355	-0.685759	0	0
-0.245168	0.0385487	-0.681663	0	0
-0.244888	0.0382758	-0.67709	0	0
-0.244921	0.0382352	-0.688357	0	0
-0.245044	0.0387553	-0.692158	0	0
-0.245186	0.0379282	-0.676546	0	0
-0.245315	0.0377918	-0.676113	0	0
-0.245221	0.0382334	-0.677663	0	0
-0.245115	0.0384934	-0.677531	0	0
-0.245075	0.0384261	-0.676039	0	0
-0.245008	0.0385564	-0.688571	0	0
-0.245101	0.0384215	-0.683551	0	0
-0.245081	0.038533	-0.67467	0	0
-0.245067	0.0384155	-0.682578	0	0
-0.245134	0.0384592	-0.674832	0	0
-0.245365	0.0386091	-0.674989	0	0
-0.245382	0.0387759	-0.673803	0	0
-0.24542	0.0382517	-0.674834	0	0
-0.245009	0.038466	-0.682056	0	0
-0.245097	0.0389877	-0.683104	0	0
-0.245115	0.038796	-0.677086	0	0
-0.244917	0.0384497	-0.680215	0	0
-0.245191	0.0381729	-0.673873	0	0
-0.245006	0.0384318	-0.686286	0	0
-0.245157	0.0380789	-0.672517	0	0
-0.245115	0.0383197	-0.678559	0	0
-0.245377	0.0381869	-0.681174	0	0
-0.245296	0.0381289	-0.675607	0	0
-0.245078	0.0384152	-0.679033	0	0
-0.245166	0.0385778	-0.68838	0	0
-0.244885	0.0381712	-0.674546	0	0
-0.245093	0.0385667	-0.68725	0	0
-0.24509	0.038415	-0.685531	0	0
-0.245115	0.0380939	-0.680505	0	0
-0.245215	0.0381406	-0.672779	0	0
-0.245367	0.0387075	-0.673245	0	0
-0.245245	0.0384475	-0.694416	0	0
-0.245419	0.0385935	-0.673106	0	0
-0.245198	0.0384033	-0.675168	0	0
-0.245154	0.038677	-0.684817	0	0
-0.245042	0.0382791	-0.682962	0	0
-0.245171	0.0389573	-0.681785	0	0
-0.24525	0.038122	-0.673301	0	0
-0.245052	0.0383077	-0.678628	0	0
-0.245156	0.0380505	-0.68329	0	0
-0.245184	0.0385829	-0.670296	0	0
-0.245487	0.0385358	-0.674341	0	0
-0.245265	0.0386181	-0.682647	0	0
-0.245231	0.0384647	-0.688796	0	0
-0.245078	0.0382971	-0.68262	0	0
-0.244989	0.0384434	-0.672234	0	0
-0.245335	0.0382426	-0.683632	0	0
-0.245182	0.0387575	-0.687566	0	0
-0.24537	0.0382358	-0.671052	0	0
-0.245101	0.0382819	-0.679	0	0
-0.245357	0.0381334	-0.666978	0	0
-0.24516	0.0383696	-0.670857	0	0
-0.245491	0.0387075	-0.677739	0	0
-0.24527	0.0380834	-0.68159	0	0
-0.245257	0.0387172	-0.687086	0	0
-0.244983	0.0384322	-0.673894	0	0
-0.245145	0.0386778	-0.677059	0	0
-0.245181	0.0383967	-0.67109	0	0
-0.245382	0.0383731	-0.675471	0	0
-0.245413	0.0382522	-0.674923	0	0
-0.245294	0.0379444	-0.666512	0	0
-0.245399	0.0378221	-0.673291	0	0
-0.245273	0.0380963	-0.673702	0	0
-0.245117	0.0383302	-0.683778	0	0
-0.245081	0.0384993	-0.680386	0	0
-0.245151	0.0381514	-0.678377	0	0
-0.244977	0.0385455	-0.678137	0	0
-0.245176	0.0381948	-0.676564	0	0
-0.245009	0.0382222	-0.673311	0	0
-0.245121	0.0380365	-0.67563	0	0
-0.24533	0.0384697	-0.672775	0	0
-0.245422	0.0379581	-0.670676	0	0
-0.245533	0.0383217	-0.66933	0	0
-0.24491	0.0380568	-0.673383	0	0
-0.245222	0.0382936	-0.671245	0	0
-0.245028	0.0385447	-0.686969	0	0
-0.244889	0.038194	-0.688773	0	0
-0.245092	0.0388439	-0.687199	0	0
-0.245112	0.0383078	-0.678454	0	0
-0.245354	0.0383631	-0.67737	0	0
-0.245339	0.0383573	-0.672206	0	0
-0.245074	0.038271	-0.675611	0	0
-0.245082	0.0385162	-0.686088	0	0
-0.245068	0.0386967	-0.686746	0	0
-0.244911	0.0385517	-0.686497	0	0
-0.245078	0.0386906	-0.675997	0	0
-0.24502	0.0386528	-0.682399	0	0
-0.245222	0.0385265	-0.68434	0	0
-0.245446	0.0387477	-0.686277	0	0
-0.245133	0.0381775	-0.672528	0	0
-0.245221	0.0382785	-0.666308	0	0
-0.245205	0.0384701	-0.669415	0	0
-0.245074	0.0387248	-0.673765	0	0
-0.244961	0.0383983	-0.679525	0	0
-0.245107	0.0382089	-0.677441	0	0
-0.245121	0.0386415	-0.686407	0	0
-0.245191	0.0383025	-0.675464	0	0
-0.245053	0.0386003	-0.686651	0	0
-0.245261	0.0382536	-0.672166	0	0
-0.245309	0.0386324	-0.677382	0	0
-0.245117	0.0379167	-0.670381	0	0
-0.245153	0.0385607	-0.679219	0	0
-0.245087	0.038471	-0.673998	0	0
-0.244992	0.0387197	-0.685563	0	0
-0.245267	0.0386262	-0.686495	0	0
-0.245147	0.0384819	-0.679502	0	0
-0.245163	0.038448	-0.689062	0	0
-0.245266	0.0387298	-0.682071	0	0
-0.245297	0.0385658	-0.67734	0	0
-0.245352	0.0381022	-0.665434	0	0
-0.245187	0.0387406	-0.682835	0	0
-0.245046	0.0385899	-0.678093	0	0
-0.245094	0.0381616	-0.671229	0	0
-0.245067	0.0382405	-0.670941	0	0
-0.244993	0.0386249	-0.693501	0	0
-0.244939	0.0385282	-0.676435	0	0
-0.24523	0.0386766	-0.672516	0	0
-0.245269	0.0384195	-0.672123	0	0
-0.245146	0.0381217	-0.67087	0	0
-0.245266	0.0382404	-0.674144	0	0
-0.245208	0.0384759	-0.682483	0	0
-0.245188	0.0383863	-0.671687	0	0
-0.245292	0.0385925	-0.678532	0	0
-0.244964	0.0386132	-0.68232	0	0
-0.24484	0.0383547	-0.679622	0	0
-0.245258	0.0386392	-0.673325	0	0
-0.245127	0.0383757	-0.6924	0	0
-0.245269	0.0382505	-0.675977	0	0
-0.245658	0.0382279	-0.674373	0	0
-0.245453	0.038441	-0.682535	0	0
-0.24505	0.0384825	-0.672204	0	0
-0.244999	0.0386586	-0.676365	0	0
-0.245293	0.0389053	-0.678261	0	0
-0.245281	0.0384257	-0.68099	0	0
-0.245147	0.038465	-0.681584	0	0
-0.2452	0.0383423	-0.678443	0	0
-0.245184	0.038915	-0.679865	0	0
-0.245427	0.0383353	-0.67248	0	0
-0.245117	0.0380517	-0.681797	0	0
-0.245249	0.0385435	-0.678687	0	0
-0.245144	0.0386849	-0.684022	0	0
-0.245055	0.0384712	-0.686473	0	0
-0.245007	0.0385336	-0.676787	0	0
-0.245075	0.0385553	-0.680258	0	0
-0.245252	0.0386952	-0.677249	0	0
-0.245282	0.0384646	-0.672547	0	0
-0.245139	0.0382452	-0.680835	0	0
-0.245269	0.0383392	-0.673311	0	0
-0.245072	0.0380642	-0.662216	0	0
-0.245131	0.0384041	-0.668123	0	0
-0.245112	0.0383153	-0.675296	0	0
-0.245074	0.0383924	-0.67301	0	0
-0.245227	0.038369	-0.675895	0	0
-0.245166	0.038903	-0.689119	0	0
-0.245247	0.038459	-0.681205	0	0
-0.245221	0.0381797	-0.673192	0	0
-0.245254	0.0381987	-0.677933	0	0
-0.245216	0.0384762	-0.676572	0	0
-0.245206	0.0387725	-0.683839	0	0
-0.245207	0.0381864	-0.67289	0	0
-0.244998	0.0386866	-0.696072	0	0
-0.245231	0.0384759	-0.678598	0	0
-0.24519	0.0385155	-0.678092	0	0
-0.245071	0.0384146	-0.676505	0	0
-0.24523	0.0386766	-0.67393	0	0
-0.245386	0.0383912	-0.668993	0	0
-0.245199	0.0381443	-0.678061	0	0
-0.245177	0.0385665	-0.681133	0	0
-0.245043	0.0380662	-0.673634	0	0
-0.24519	0.0379684	-0.671181	0	0
-0.245068	0.0385954	-0.684222	0	0
-0.24512	0.0383804	-0.680089	0	0
-0.245162	0.038386	-0.676716	0	0
-0.245052	0.0385665	-0.673466	0	0
-0.245285	0.0384756	-0.684642	0	0
-0.245199	0.0384191	-0.671651	0	0
-0.245203	0.0380567	-0.677738	0	0
-0.245352	0.0387194	-0.676052	0	0
-0.24509	0.0381997	-0.675829	0	0
-0.245378	0.0385475	-0.680754	0	0
-0.245135	0.0382729	-0.674933	0	0
-0.245028	0.0383807	-0.676203	0	0
-0.245145	0.0384203	-0.681024	0	0
-0.245087	0.0388269	-0.676944	0	0
-0.245147	0.0385664	-0.677529	0	0
-0.24509	0.0380396	-0.673145	0	0
-0.245187	0.0386114	-0.680032	0	0
-0.245227	0.0382728	-0.678244	0	0
-0.245296	0.0385756	-0.676442	0	0
-0.245299	0.0386093	-0.671716	0	0
-0.245175	0.0385438	-0.680688	0	0
-0.245023	0.0385785	-0.681507	0	0
-0.245115	0.0382749	-0.674681	0	0
-0.245003	0.038308	-0.679195	0	0
-0.245384	0.0383579	-0.670935	0	0
-0.244912	0.0383191	-0.678244	0	0
-0.245131	0.0383028	-0.668109	0	0
-0.245234	0.0380017	-0.680498	0	0
-0.245248	0.0384036	-0.678152	0	0
-0.24513	0.0385888	-0.679135	0	0
-0.245093	0.0381791	-0.680869	0	0
-0.245139	0.0384933	-0.682232	0	0
-0.245229	0.0387785	-0.684717	0	0
-0.245218	0.0382289	-0.682186	0	0
-0.245167	0.0384538	-0.677246	0	0
-0.245228	0.038459	-0.681285	0	0
-0.245245	0.0384362	-0.680084	0	0
-0.245291	0.0382877	-0.669739	0	0
-0.245522	0.0384744	-0.681404	0	0
-0.245074	0.0383019	-0.678686	0.42604	0.79909
-0.245071	0.0385219	-0.677928	0.203258	0.369634
-0.245043	0.0386697	-0.682597	0.184634	0.337773
-0.24381	0.0371454	-0.734605	0.22298	0.360265
-0.239	0.0327159	-0.737347	0.172881	0.330813
-0.231957	0.0270948	-0.750972	0.162048	0.325725
-0.22257	0.017575	-0.810704	0.175411	0.33196
-0.213007	0.00709863	-0.898269	0.1959	0.34178
-0.203021	-0.00538689	-0.989142	0.192969	0.337033
-0.194201	-0.0190803	-1.10212	0.208867	0.339323
-0.187649	-0.0356749	-1.24339	0.221881	0.33366
-0.184414	-0.0537856	-1.40593	-0.49867	-0.139582
-0.182372	-0.072486	-1.65909	-0.160095	0.186557
-0.185532	-0.0936558	-1.8909	-0.1575	0.202391
-0.190764	-0.112486	-2.03153	0.63149	0.389458
-0.191027	-0.122411	-2.16493	0.238388	0.225528
-0.190762	-0.124988	-2.28668	0.219133	0.208767
-0.195688	-0.128748	-2.34941	0.203631	0.18584
-0.203957	-0.136326	-2.3722	0.18416	0.165409
-0.213001	-0.144403	-2.36679	0.17035	0.148959
-0.221727	-0.152945	-2.37256	0.162892	0.129762
-0.231028	-0.162122	-2.36889	0.150307	0.106345
-0.240618	-0.170966	-2.34825	0.144941	0.0892097
-0.249504	-0.181221	-2.33494	0.139299	0
-0.257842	-0.190105	-2.30906	-0.420351	-0.670341
-0.265041	-0.197285	-2.24185	-0.152736	-0.29776
-0.26828	-0.20215	-2.1708	-0.0972593	-0.251138
-0.269037	-0.202156	-2.14251	-0.0804357	-0.242858
-0.266544	-0.198732	-2.13407	0	-0.234772
-0.26392	-0.193338	-2.10195	0.118795	-0.202736
-0.260924	-0.186437	-1.99924	0.228209	-0.141588
-0.258275	-0.177707	-1.8048	0.354963	0.135601
-0.257691	-0.169814	-1.54478	0.403741	0.299381
-0.258544	-0.16498	-1.23458	0.458583	0.42032
-0.258271	-0.165092	-1.05854	0.408145	0.354799
-0.255652	-0.170149	-0.982494	0.362622	0.279322
-0.25067	-0.178387	-0.982928	0.328483	0.213639
-0.243901	-0.19035	-0.974609	0.306876	0.171529
-0.235567	-0.204255	-0.984179	0.272065	0.104108
-0.225998	-0.220937	-0.909963	0.2596	0.0806157
-0.214395	-0.238086	-0.842052	0.231697	-0.102815
-0.20179	-0.252976	-0.738068	0.211658	-0.152882
-0.189339	-0.263947	-0.570954	0.242637	-0.105675
-0.176914	-0.270753	-0.378739	0.265721	-0.068904
-0.166838	-0.274108	-0.0901629	-0.689296	-0.18267
-0.157606	-0.274016	0.269138	-0.213419	-0.281402
-0.150413	-0.270705	0.529109	-0.13358	-0.260522
-0.144579	-0.267131	0.672166	-0.109167	-0.230933
-0.144347	-0.268069	0.708011	-0.0765747	-0.201783
-0.148618	-0.270497	0.729079	0.0689833	-0.190381
-0.152772	-0.275495	0.804988	0.57473	0.139599
-0.15715	-0.281051	0.899025	0.319378	0.139051
-0.161063	-0.287224	1.03348	0.32545	0.189906
-0.16228	-0.288369	1.13779	0.323642	0.195408
-0.161554	-0.285783	1.15392	0.318269	0.158184
-0.159564	-0.279282	1.24429	0.327709	0.203802
-0.157525	-0.26991	1.35057	0.327132	0.211062
-0.155837	-0.257389	1.55231	0.317403	0.258069
-0.156425	-0.243203	1.7218	0.292613	0.255256
-0.158556	-0.226947	1.86342	0.258974	0.232767
-0.163234	-0.20979	1.95611	0.224891	0.221055
-0.169558	-0.191902	2.03997	0.204701	0.20912
-0.177364	-0.173877	2.10746	0.160762	0.198029
-0.186944	-0.156333	2.15665	0.141558	0.190996
-0.198799	-0.138679	2.19379	0.109018	0.182855
-0.209965	-0.123437	2.21674	-0.926341	-0.67247
-0.21913	-0.111527	2.23409	-0.418695	-0.29649
-0.228233	-0.100309	2.21889	-0.364293	-0.241563
-0.234007	-0.0931032	2.17522	-0.32246	-0.181916
-0.235741	-0.0919177	2.14207	-0.30287	-0.150859
-0.234431	-0.0954926	2.14231	-0.316283	-0.163461
-0.230818	-0.100861	2.14364	-0.311254	-0.151106
-0.22623	-0.108213	2.15305	-0.322396	-0.271992
-0.22085	-0.117521	2.1197	-0.279856	-0.138414
-0.215173	-0.129099	2.04271	-0.225956	0.0780495
-0.209301	-0.141586	1.97349	-0.195922	0.132522
-0.204363	-0.15593	1.87597	-0.150345	0.214139
-0.201389	-0.170816	1.68024	0.380262	0.435615
-0.200115	-0.179771	1.37594	0.300246	0.284455
-0.20182	-0.185919	1.11439	0.292218	0.241962
-0.201958	-0.187972	1.0256	0.235173	0.225048
-0.200983	-0.18497	1.01627	0.197541	0.226236
-0.197634	-0.17858	1.03009	0.163413	0.220986
-0.193385	-0.169315	1.02668	0.134581	0.214421
-0.18941	-0.159396	1.01488	0.103132	0.209442
-0.184043	-0.14776	0.99761	0.0639856	0.201819
-0.178891	-0.13653	0.934971	-0.0806331	0.196482
-0.171699	-0.125078	0.893983	-0.131723	0.187832
-0.16473	-0.114351	0.808707	0.331171	0.484035
-0.159534	-0.107567	0.727577	0.189664	0.33262
-0.15448	-0.104399	0.605153	0.219165	0.337466
-0.150429	-0.101861	0.454555	0.258715	0.349178
-0.141728	-0.0979987	0.316306	0.243754	0.330207
-0.12923	-0.0950728	0.176349	0.234068	0.307378
-0.114768	-0.0932734	0.0367956	0.221456	0.283132
-0.0987797	-0.0935809	-0.114035	0.212819	0.257105
-0.079995	-0.0966591	-0.234879	0.185736	0.217459
-0.06179	-0.100618	-0.37163	0.178829	0.182658
-0.0441153	-0.106346	-0.454612	0.15927	0.143007
-0.026371	-0.114527	-0.521358	0.146643	0.0920247
-0.00958642	-0.122769	-0.575974	0.140828	-0.0725464
0.00477836	-0.131705	-0.567367	-0.646353	-0.652479
0.0149997	-0.137988	-0.568461	-0.292048	-0.26215
0.0225408	-0.142131	-0.528957	-0.398736	-0.14974
0.0230435	-0.143149	-0.472467	-0.297981	-0.217496
0.019118	-0.141915	-0.509008	-0.279938	-0.173896
0.0115111	-0.138609	-0.541823	-0.264146	-0.138747
0.00140671	-0.132899	-0.610927	-0.24567	-0.0848217
-0.00951955	-0.126098	-0.675702	-0.23175	0
-0.0204219	-0.117618	-0.737648	-0.223629	0.0695086
-0.0304436	-0.107102	-0.835881	-0.208045	0.112731
-0.039385	-0.09644	-0.943217	-0.20057	0.143134
-0.044611	-0.0876991	-1.11215	-0.199593	0.185936
-0.0470676	-0.0792021	-1.37266	-0.193155	0.263755
-0.0474922	-0.0712753	-1.73792	-0.132839	0.280475
-0.0458488	-0.0645229	-2.01593	-0.0727266	0.225215
-0.0434289	-0.0600591	-2.2375	-0.0680871	0.212854
-0.0410653	-0.0585794	-2.50161	0.0941314	0.203591
-0.0406991	-0.0590748	-2.74875	0.113292	0.190195
-0.0420576	-0.0601531	-3.04133	0.133888	0.162793
-0.0471061	-0.0602237	3.00881	0.129671	0.130756
-0.053906	-0.0591694	2.85497	0.117255	0.117205
-0.061451	-0.0574771	2.76468	0.110706	0.10928
-0.0688735	-0.0545688	2.68676	0.108557	0.0977102
-0.0773624	-0.0512797	2.65669	0.0939589	0.123771
-0.0858981	-0.0467347	2.63062	-0.0812394	0.190551
-0.0934142	-0.0432716	2.63322	-0.117681	0.208177
-0.0991969	-0.0406667	2.61059	-0.137824	0.210002
-0.104339	-0.0382282	2.53874	-0.141965	0.208523
-0.107285	-0.0367581	2.42056	-0.119538	0.201467
-0.109592	-0.0345681	2.26899	-0.11105	0.198163
-0.112463	-0.0304348	2.0789	-0.121806	0.200632
-0.114384	-0.0264245	1.85652	-0.110545	0.196141
-0.115102	-0.0214251	1.52787	-0.0877603	0.182354
-0.114812	-0.0157408	1.20795	-0.0884831	0.174287
-0.112868	-0.0101574	0.976901	-0.109971	0.176292
-0.109261	-0.00489251	0.803775	-0.134454	0.18146
-0.105481	-0.00134279	0.665584	-0.144883	0.182332
-0.100269	0.0014432	0.523909	-0.157025	0.181534
-0.0960576	0.00318776	0.355971	-0.156572	0.178505
-0.091573	0.00358972	0.0768073	-0.125276	0.14985
-0.0872883	0.00324412	-0.209608	-0.10733	0.122628
-0.0841537	0.00213532	-0.459051	0.150953	-0.150953
-0.0825123	0.000181141	-0.641205	0.134846	-0.134846
-0.0793545	-0.00132208	-0.776331	0.14057	-0.14057
-0.0796867	-0.00147721	-0.81773	0.133127	-0.133127
-0.0797181	-0.00248071	-0.774044	0.120649	-0.120649
-0.0793924	-0.0020983	-0.703564	0.112655	-0.112655
-0.0795467	-0.00201207	-0.586297	0.100395	-0.100395
-0.0804623	-0.000988886	-0.471176	0.0913055	-0.0913055
-0.0804785	-0.000797569	-0.29845	0.0737246	-0.0737246
-0.0807391	-0.000614595	-0.117972	0.575952	0.526129
-0.0816592	-0.000391172	0.105082	0.233366	0.296219
-0.0828516	0.000137037	0.251238	0.188887	0.268678
-0.082044	0.000145872	0.354512	0.171973	0.256241
-0.0768244	0.00240243	0.355161	0.169818	0.240854
-0.068174	0.00546408	0.33841	0.149436	0.225056
-0.0577875	0.00877606	0.318089	0.130233	0.214064
-0.0468812	0.0113003	0.274802	0.120014	0.201738
-0.034821	0.014217	0.196518	0.11005	0.188594
-0.0229403	0.0161254	0.107518	0.10488	0.178906
-0.0105163	0.0172458	0.00965758	0.0933314	0.162883
0.00222812	0.01703	-0.111207	0.0912009	0.146505
0.0143996	0.0155584	-0.233818	0.0870408	0.124647
0.0270078	0.013	-0.313123	0.0719453	0.109715
0.0358894	0.0107771	-0.39323	0.0745928	0.0970862
0.0439056	0.00765672	-0.452703	0.0803499	0.0749643
0.0511374	0.00455488	-0.495221	0.0878727	0
0.0566672	0.00190904	-0.526682	0.105712	-0.0963696
0.0607092	-0.000502067	-0.552575	0.135831	-0.134277
0.0641513	-0.00233756	-0.551965	0.168508	-0.178873
0.0650564	-0.003035	-0.495817	0.157335	-0.154372
0.0667986	-0.00336581	-0.423119	0.139661	-0.139661
0.0669248	-0.00274121	-0.288677	0.0707259	-0.0707259
0.0669742	-0.00261271	-0.0596107	-0.0801872	0.0801872
0.0668757	-0.00223061	0.221127	-0.111513	0.111513
0.0663872	-0.00159415	0.391181	-0.379556	-0.526816
0.0666095	-0.00180487	0.411926	-0.188127	-0.265451
0.0664109	-0.00146248	0.380619	-0.185316	-0.240852
0.0655707	-0.00227558	0.318648	-0.195179	-0.235183
0.060828	-0.00306866	0.300412	-0.175583	-0.222728
0.0525725	-0.00452202	0.313649	-0.151351	-0.209949
0.0430348	-0.00696467	0.348018	-0.127252	-0.198409
0.0324165	-0.00959819	0.388389	-0.106933	-0.187652
0.0216095	-0.0138545	0.446627	0.390203	0.440656
0.0110356	-0.0186386	0.523151	0.18981	0.180847
-0.000307037	-0.0245115	0.589441	0.185529	0.168677
-0.00792611	-0.030076	0.693156	0.182525	0.178762
-0.0101256	-0.0298726	0.729681	0.162198	0.171576
-0.00884113	-0.0282146	0.706489	0.157338	0.15563
-0.00471352	-0.0250167	0.722402	0.13268	0.152216
5.77178e-05	-0.0208963	0.701277	0.122441	0.145863
0.00616232	-0.0159973	0.685318	0.397714	0.576783
0.0119453	-0.011127	0.672278	0.217963	0.311937
0.0181016	-0.00587884	0.6531	0.190867	0.283689
0.0257123	0.000686194	0.581306	0.196146	0.278832
0.0375967	0.00819444	0.514538	0.170366	0.261229
0.0527313	0.0147391	0.45127	0.612426	0.667894
0.0673604	0.0209039	0.353253	0.369995	0.420115
0.0849367	0.0254181	0.267767	0.328273	0.373002
0.103862	0.0295578	0.160172	0.315728	0.350017
0.12782	0.0323523	0.127315	0.250272	0.306589
0.154671	0.0325459	0.103797	0.205157	0.270791
0.182716	0.0318342	0.0179734	0.193669	0.244186
0.211413	0.0295747	-0.0530683	0.153942	0.206507
0.238632	0.0268151	-0.151436	0.142139	0.180811
0.262219	0.0234281	-0.196743	0.116117	0.156323
0.282637	0.0196832	-0.244969	0.104011	0.136183
0.300108	0.0165916	-0.299643	0.0963045	0.123727
0.314917	0.0128733	-0.343704	0.0888771	0.102396
0.326797	0.00970811	-0.383879	0.0883637	0.0914981
0.336415	0.00652335	-0.392494	0.0864421	0.0756671
0.343909	0.00414062	-0.423739	0.0938519	0
0.350228	0.00216619	-0.446165	0.0988455	-0.076714
0.355646	-0.000512309	-0.451111	0.124247	-0.117597
0.359596	-0.00173844	-0.427479	0.126685	-0.118955
0.361173	-0.00194187	-0.359977	-0.612574	-0.21667
0.362506	-0.00241471	-0.241487	-0.256081	-0.184291
0.363452	-0.00245023	-0.097708	-0.219876	-0.201023
0.362315	-0.00246747	-0.00763031	-0.21582	-0.18822
0.356015	-0.00212898	-0.117652	-0.238397	-0.111663
0.346784	-0.00106631	-0.170119	-0.23766	-0.0739911
0.336041	0.000455383	-0.203267	0.461937	0.281397
0.325203	0.00154254	-0.213459	0.167889	0.156925
0.313743	0.0033435	-0.306297	0.163431	0.141127
0.304926	0.00493425	-0.376311	0.170245	0.141699
0.304437	0.00410878	-0.428897	0.158418	-0.566969
0.307635	0.0029943	-0.427774	0.155351	-0.258177
0.312534	0.000778561	-0.415248	0.152545	-0.260685
0.316016	-0.000215901	-0.337902	0.154645	0.418885
0.31431	-0.000362017	-0.148204	0.131688	0.171364
0.312045	0.000198143	0.200731	0.0753247	0.194988
0.308207	-0.000297189	0.420614	0.0737627	0.183774
0.309221	0.000124346	0.503529	0.0664955	0.167915
0.312289	0.00168726	0.469859	0.0724519	0.156934
0.315847	0.0037305	0.412872	0.0659931	0.15341
0.32015	0.0053351	0.328378	0.0675073	0.147246
0.325681	0.00652684	0.204248	0.0710594	0.134226
0.330698	0.00786319	0.0586046	0.0720535	0.126784
0.336631	0.00716702	-0.0648118	0.0784622	0.109212
0.341583	0.007476	-0.217712	0.0780856	0.100038
0.346529	0.00632829	-0.323614	0.082541	0.0847549
0.352054	0.0054715	-0.414366	0.0733685	0.0758935
0.356778	0.00347993	-0.484456	0.0921216	-0.0736206
0.361804	0.00111838	-0.517427	0.111697	-0.108109
0.366379	-0.00116348	-0.549988	0.168997	-0.168997
0.368773	-0.00286417	-0.513573	0.101724	-0.101724
0.369421	-0.00287516	-0.454701	0.0902829	-0.0902829
0.3702	-0.00308009	-0.302424	0.069154	-0.069154
0.370547	-0.00304336	-0.119685	-0.0704463	0.0704463
0.368962	-0.00198154	0.0735042	-0.0868845	0.0868845
0.368162	-0.00240966	0.259094	-0.0985759	0.0985759
0.368275	-0.00274987	0.299672	-0.0865168	0.0865168
0.367914	-0.00254785	0.265063	-0.0744436	0.0744436
0.367891	-0.0021471	0.230644	-0.0712223	0.0712223
0.368656	-0.00217764	0.174862	-0.0647046	0
0.369489	-0.00218152	0.0862865	0.0650022	0
0.370087	-0.00238401	0.0333717	0.0658057	0
0.37063	-0.00253627	0.0175736	0	0
0.371963	-0.00238393	0.0324865	0	0
0.371983	-0.00201485	0.0284921	0	0
0.372712	-0.00221454	0.0222613	0	0
0.373714	-0.00247862	0.0218177	0	0
0.373587	-0.00257775	0.0311446	0	0
0.373829	-0.00276074	0.0300286	0	0
0.373323	-0.00269229	0.0312531	0	0
0.373596	-0.00264897	0.0239504	0	0
0.373422	-0.00246392	0.0296061	0	0
0.373717	-0.00273038	0.0336659	0	0
0.373783	-0.00292819	0.03962	0	0
0.37359	-0.00247372	0.0377688	0	0
0.373839	-0.00291238	0.0402669	0	0
0.373643	-0.00263691	0.0309791	0	0
0.373884	-0.00248252	0.0384607	0	0
0.37354	-0.00279531	0.0348467	0	0
0.373738	-0.0026004	0.0415278	-0.063941	0
0.373443	-0.00244852	0.0159296	0	0
0.373875	-0.00239412	0.0355361	-0.0648383	0
0.373676	-0.00266351	0.0147282	0	0
0.373081	-0.00257156	0.0180735	0	0
0.373277	-0.00242382	-0.00172561	0	0
0.373284	-0.0023139	0.0187674	-0.0640305	0
0.373672	-0.00258533	0.01839	0	0
0.373538	-0.00244197	0.00482886	0	0
0.37356	-0.00252729	-0.00107626	0	0
0.373313	-0.00220833	0.0226078	-0.0649123	0
0.373301	-0.00233414	0.00882704	0	0
0.373456	-0.00219467	0.00131587	0	0
0.373523	-0.0023648	-0.000287852	0	0
0.37326	-0.00262345	0.0046047	0	0
0.373218	-0.00253936	-0.00270109	0	0
0.373331	-0.00229734	-0.00585014	0	0
0.373243	-0.00250277	0.00520297	0	0
0.373324	-0.00228197	0.012209	0	0
0.373045	-0.00229954	-0.00483939	0	0
0.373115	-0.00225642	0.015442	-0.0639456	0
0.373483	-0.00244394	0.00716923	0	0
0.373194	-0.00219019	0.00833372	0	0
0.37334	-0.00263111	0.0132522	0	0
0.373294	-0.00253894	0.0124839	0	0
0.372995	-0.00233114	-0.00123652	0	0
0.373258	-0.00252342	0.00458971	0	0
0.373478	-0.00249646	0.0136314	0	0
0.373332	-0.00238676	0.0122408	0	0
0.373339	-0.00276332	0.00366545	0	0
0.373353	-0.00233386	0.00315252	0	0
0.373046	-0.00237257	0.00474746	0	0
0.372917	-0.00243049	0.00150057	0	0
0.373326	-0.00230263	0.00729386	0	0
0.373416	-0.00254844	-0.000515844	0	0
0.373394	-0.00247009	-0.00787442	0	0
0.373583	-0.00241165	0.00900707	0	0
0.373397	-0.00259603	0.00929574	0	0
0.373182	-0.00229323	0.0127129	0	0
0.373032	-0.00220985	-0.0005175	0	0
0.373372	-0.00232868	0.000419366	0	0
0.37305	-0.00252374	-0.00205057	-0.588769	0.209152
0.37316	-0.00246091	-0.00746057	-0.140402	-0.520965
0.373334	-0.00245515	0.00254493	-0.199342	-0.21936
0.372311	-0.00189152	-0.1201	-0.228231	-0.163657
0.369338	-0.00163664	-0.281643	-0.235086	-0.119668
0.362767	0.000555794	-0.320834	-0.236173	-0.10791
0.35471	0.00268185	-0.338324	-0.2351	-0.0850609
0.345377	0.004617	-0.378439	-0.228604	0.0760827
0.335276	0.00733083	-0.456772	-0.212642	0.141423
0.32575	0.010975	-0.540949	-0.19875	0.183078
0.315718	0.0156605	-0.646662	-0.324546	0.20066
0.311155	0.0200445	-0.789389	-0.506634	-0.137453
0.306743	0.0246381	-0.960865	-0.613527	-0.210692
0.304466	0.0303907	-1.23942	-0.837855	-0.348997
0.302272	0.035357	-1.61149	-0.360283	-0.971021
0.30263	0.0474491	-1.91194	-0.617307	-0.543156
0.306699	0.0629005	-2.06925	-0.532607	-0.421086
0.314872	0.0800891	-2.25815	-0.476726	-0.315854
0.328173	0.0982045	-2.42471	-0.39887	-0.201489
0.348842	0.112432	-2.62259	-0.317329	-0.071057
0.372146	0.124007	-2.83286	-0.191503	0.242511
0.39868	0.128872	-3.1136	0.0661791	0.453903
0.425645	0.125307	2.83027	0.416976	0.625444
0.448214	0.119421	2.58269	0.483847	0.617638
0.46262	0.115955	2.3947	0.149932	0
0.468355	0.117821	2.23307	0.253918	0.254807
0.46863	0.125779	2.09414	0.243041	0.233906
0.465639	0.137315	1.92621	0.440971	0.289811
0.461426	0.150371	1.83994	-0.397794	-0.707093
0.458374	0.163933	1.81691	-0.150492	-0.294251
0.454585	0.180159	1.80383	-0.147512	-0.276716
0.451247	0.199416	1.8726	0	-0.214093
0.449873	0.211495	1.88572	-0.091657	-0.244035
0.449339	0.213389	1.89733	-0.0661393	-0.229875
0.449783	0.211791	1.92827	0.105695	-0.196046
0.450561	0.208021	1.99856	0.199665	-0.131171
0.452603	0.203482	2.09241	0.273482	0
0.455344	0.198132	2.19085	0.318255	0.150098
0.459511	0.193306	2.3251	0.396208	0.253446
0.461301	0.191139	2.47773	0.471629	0.354647
0.459541	0.192591	2.5244	0.401554	0.257158
0.454607	0.195896	2.54044	0.371404	0.212905
0.446191	0.201117	2.54041	0.343345	0.170745
0.434822	0.207143	2.53241	0.32072	0.134919
0.420407	0.215309	2.57889	0.347906	0.169296
0.403381	0.224631	2.7029	0.419395	0.268206
0.384912	0.231185	2.87573	0.554448	0.473543
0.365873	0.234479	3.09266	0.589901	0.559017
0.345494	0.23568	-2.8894	0.552803	0.591085
0.32314	0.23156	-2.63431	0.464682	0.483166
0.29889	0.223114	-2.43643	0.396091	0.178005
0.274549	0.208327	-2.24001	0.404883	0.293092
0.254206	0.187874	-2.03581	-0.249723	-1
0.239774	0.162356	-1.77088	-0.971775	-0.268218
0.233438	0.134392	-1.4523	-0.610412	-0.641951
0.232744	0.107846	-1.18256	-0.537705	-0.644938
0.232864	0.0919835	-1.03294	-0.50168	-0.607906
0.228097	0.0854282	-0.922559	-0.463555	-0.575847
0.221309	0.084667	-0.82902	-0.408109	-0.584075
0.212578	0.0872804	-0.8233	-0.44334	-0.573819
0.203761	0.0970351	-0.890965	-0.494986	-0.596007
0.193164	0.11171	-0.957942	-0.495361	-0.586305
0.180809	0.131113	-0.936071	-0.415303	-0.533367
0.165659	0.150677	-0.864828	-0.317252	-0.466197
0.14665	0.174363	-0.822822	-0.266114	-0.421931
0.122719	0.196218	-0.714125	-0.135731	-0.339076
0.09546	0.21722	-0.621905	0	-0.287466
0.0646719	0.233774	-0.436938	0.230395	-0.186404
0.0321215	0.244281	-0.15241	0.493784	0.0989629
0.00418891	0.248945	0.142271	0.500388	0.298589
-0.017993	0.250784	0.386362	0.511139	0.372044
-0.0305661	0.251983	0.612349	0.498987	0.386517
-0.0359972	0.256295	0.809481	0.45965	0.363012
-0.036542	0.263759	0.89746	0.411739	0.304447
-0.0332463	0.271672	0.879251	0.378889	0.236082
-0.0244557	0.282635	0.910687	0.352339	0.212392
-0.0148951	0.297148	0.958593	0.329092	0.187503
-0.00476453	0.314965	1.03528	0.49039	0.266327
0.00332201	0.334106	1.14617	0.384133	0.224189
0.00958483	0.353671	1.30734	0.366969	0.239985
0.0134084	0.375086	1.58794	0.329181	0.264613
0.0132757	0.397938	1.82412	0.273896	0.228456
0.00839115	0.420401	2.04025	0.212234	0.195224
-0.000886075	0.441484	2.18219	0.173611	0.165656
-0.0153638	0.461988	2.32613	0.12176	0.145006
-0.0318952	0.478776	2.4543	0.0706837	0.129997
-0.0474726	0.490259	2.52907	-0.068427	0.132383
-0.0614586	0.499122	2.60775	-0.097039	0.131894
-0.0733455	0.504592	2.63079	-0.0920981	0.139694
-0.0825625	0.508748	2.61489	-0.0878262	0.143879
-0.0882213	0.511286	2.50538	0.0816711	0.151668
-0.0922638	0.513316	2.39745	0.109619	0.152463
-0.0947956	0.515915	2.28711	0.129185	0.146967
-0.0973236	0.519604	2.22126	0.123604	0.139513
-0.099402	0.523332	2.15391	0.134395	0.129854
-0.101809	0.527581	2.07176	0.14606	0.115834
-0.104241	0.532836	2.02096	0.135472	0.106627
-0.10645	0.539092	1.98415	0.140201	0.0874335
-0.108346	0.545741	1.94689	-0.657243	-0.354856
-0.110334	0.552789	1.93247	-0.314056	-0.212653
-0.112509	0.559384	1.95152	-0.299288	-0.226365
-0.114704	0.565918	1.97688	-0.31634	-0.263517
-0.114449	0.566779	2.00758	-0.305218	-0.252432
-0.112983	0.562697	1.99575	-0.281057	-0.20778
-0.110609	0.556163	2.02033	-0.277751	-0.206635
-0.107606	0.546971	2.0176	-0.266892	-0.165408
-0.103823	0.536481	2.03081	-0.271337	-0.15932
-0.098909	0.52478	2.01649	-0.24971	-0.107823
-0.0942745	0.51187	1.99268	-0.233267	0
-0.0900376	0.498575	1.93341	-0.196992	0.130606
-0.0861355	0.484789	1.84324	0.480797	0.333009
-0.0836608	0.470768	1.68858	0.19662	0.188965
-0.0824596	0.460799	1.44661	0.191361	0.143271
-0.08251	0.455159	1.24856	0.181329	0.130691
-0.0819937	0.454881	1.17284	0.153046	0.150453
-0.0804698	0.458427	1.14614	0.131017	0.124144
-0.0791616	0.463809	1.149	0.0907314	0.133756
-0.0769404	0.470089	1.16634	-0.168707	0.398978
-0.0747387	0.476632	1.19227	-0.176984	0.199807
-0.0729266	0.483296	1.19434	-0.183127	0.184641
-0.0711799	0.490563	1.11829	-0.127297	0.224007
-0.0681161	0.497805	0.924447	0.140053	0.322145
-0.0640961	0.502739	0.740828	0.187847	0.355502
-0.0593528	0.505554	0.57769	0.234858	0.385877
-0.0550983	0.507364	0.367231	0.320161	0.435984
-0.0480166	0.509332	0.158287	-0.234444	-0.326803
-0.0384634	0.510614	-0.077521	0	0.122025
-0.0243669	0.509407	-0.296928	0	0.130784
-0.00765423	0.505973	-0.454732	0.948706	1
0.00121684	0.504815	-0.518112	0.948363	1
0.00315307	0.504026	-0.56978	0.957651	1
0.00494756	0.50337	-0.664703	0.9798	1
0.0108057	0.498337	-0.681573	0.965366	1
0.0193103	0.491969	-0.743065	0.98335	1
0.0322097	0.481315	-0.824655	0.996205	1
0.0473032	0.465834	-0.935192	-0.148638	-1
0.0647556	0.445564	-1.04924	-0.595835	0.21015
0.0824888	0.419892	-1.11485	-0.171207	0.133405
0.096226	0.394008	-1.1294	0.0945596	0.230327
0.105625	0.377432	-1.08877	0.137276	0.172659
0.110528	0.366697	-1.06761	0.16024	0.215897
0.112293	0.363009	-1.10519	0.188324	0.248001
0.113526	0.359924	-1.20328	0.233405	0.283195
0.11521	0.354181	-1.25005	0.265184	0.31678
0.116874	0.346922	-1.323	0.290932	0.293618
0.118777	0.337425	-1.3673	0.324354	0.311136
0.119826	0.324829	-1.41602	0.331458	0.292864
0.12144	0.310987	-1.48909	0.341292	0.276653
0.121407	0.293205	-1.52979	0.328771	0.248711
0.120717	0.275046	-1.61073	0.318438	0.192852
0.12004	0.25495	-1.57348	0.343348	0.239644
0.119169	0.232727	-1.48252	0.362841	0.275034
0.119097	0.210659	-1.36396	0.415964	0.347337
0.122038	0.187947	-1.20866	0.458382	0.426243
0.127959	0.167519	-1.1221	0.479397	0.450525
0.136133	0.14385	-1.01254	0.493599	0.481145
0.148126	0.121305	-0.945456	0.486497	0.472927
0.164212	0.0959627	-0.879566	0.512839	0.509909
-9999	-9999	-9999	0	0
0.207427	0.0433895	-0.78085	1	0.948165
-9999	-9999	-9999	0	0
0.259291	-0.00688306	-0.750118	1	0.962274
0.277108	-0.024097	-0.719244	0.622541	0.61693
0.296504	-0.0429068	-0.681809	0.546177	0.54535
0.322538	-0.0656149	-0.6276	0.527763	0.538025
0.351236	-0.0888653	-0.541415	0.492544	0.520244
0.385338	-0.111599	-0.470619	0.405316	0.454539
0.421531	-0.131268	-0.41366	0.320371	0.389976
0.459894	-0.148694	-0.370116	0.26441	0.349401
0.500095	-0.163354	-0.340902	-0.23048	0.0754337
0.540168	-0.176344	-0.329383	-0.144371	0.182905
0.574618	-0.187185	-0.422633	-0.299732	0.113689
0.602527	-0.196269	-0.469574	-0.37106	-0.089963
0.622472	-0.204022	-0.508888	-0.299728	-0.189694
0.634533	-0.208757	-0.552843	-0.28436	-0.187864
0.640078	-0.211054	-0.583423	-0.283153	-0.17155
0.638783	-0.210283	-0.582218	-0.283189	-0.125376
0.634967	-0.208219	-0.600743	-0.275457	-0.0798272
0.629195	-0.204813	-0.629398	-0.252208	0.111902
0.622599	-0.200438	-0.667585	-0.222435	0.174056
0.615489	-0.195627	-0.752842	-0.155678	0.300698
0.608734	-0.189013	-0.898992	0.924839	0.870432
0.604318	-0.183469	-1.08718	0.460113	0.530683
0.602755	-0.179074	-1.37948	0.516225	0.526464
0.60171	-0.179927	-1.56878	0.461856	0.475398
0.600311	-0.186579	-1.53539	0.405371	0.475828
0.600671	-0.197423	-1.42335	-0.735573	-0.312727
0.602168	-0.214088	-1.33503	-0.221931	0.185808
0.605394	-0.234107	-1.32703	-0.198335	0.215208
0.609304	-0.248637	-1.36666	-0.171411	0.23183
0.609484	-0.252969	-1.43235	-0.109877	0.257323
0.6094	-0.257256	-1.74894	0.170918	0.309516
0.608271	-0.261448	-2.01208	0.193684	0.306304
0.606108	-0.265391	-2.23249	0.214728	0.296777
0.601481	-0.270995	-2.39573	0.201755	0.276724
0.593442	-0.277915	-2.5101	0.187946	0.247199
0.582724	-0.284626	-2.6206	0.180739	0.221414
0.57049	-0.290588	-2.74303	0.179539	0.181895
0.557396	-0.295107	-2.86565	0.169987	0.133338
0.54186	-0.297701	-2.98365	0.162511	0.0914041
0.527104	-0.2994	-3.08033	0.0667035	-0.417833
0.512446	-0.299511	-3.07376	0.109442	-0.187694
0.502258	-0.300305	-3.02988	0.159314	-0.133041
0.49618	-0.300723	-2.90998	0.226743	0.0920174
0.492487	-0.300936	-2.75595	0.29093	0.186356
0.491238	-0.302007	-2.61836	0.324154	0.23729
0.486994	-0.303825	-2.49885	0.330725	0.24836
0.481581	-0.308184	-2.45092	0.304022	0.206088
0.473194	-0.31471	-2.4093	0.29276	0.186469
0.463037	-0.323546	-2.34977	0.294447	0.190586
0.4528	-0.334759	-2.29212	0.290684	0.187392
0.443162	-0.346809	-2.21401	0.294659	0.196778
0.433584	-0.361057	-2.09443	0.30352	0.22605
0.426661	-0.376216	-1.98944	0.138942	-0.102541
0.421012	-0.393795	-1.80789	0.232103	0.163127
0.418916	-0.411487	-1.65059	0.230474	0.181247
0.417808	-0.427009	-1.43954	0.216907	0.21339
0.416502	-0.435915	-1.22438	0.191882	0.231171
0.419612	-0.445637	-1.15478	0.164994	0.185507
0.423782	-0.456672	-1.11388	0.124742	0.165378
0.429122	-0.468591	-1.10501	0.0992682	0.14404
0.434769	-0.48052	-1.10013	0	0.136865
0.440522	-0.492825	-1.11932	-0.106737	0.130104
0.444908	-0.503597	-1.13055	-0.152092	0.144654
0.447239	-0.509927	-1.1891	-0.181008	0.164688
0.447441	-0.512413	-1.28287	1	0
0.447049	-0.513453	-1.46017	1	0
0.447716	-0.513869	-1.69157	1	0
0.446889	-0.517839	-1.59746	1	0
0.446879	-0.525062	-1.27792	1	0
0.449042	-0.535856	-0.973635	1	0
0.456242	-0.548941	-0.659249	1	0
0.469061	-0.56131	-0.278887	1	0
0.482202	-0.570277	0.305343	0	-1
0.499171	-0.574348	0.721782	0.107003	0.460902
0.516926	-0.572687	1.19583	-0.10163	0.252444
0.529662	-0.569743	1.93917	-0.436876	-0.177288
0.536698	-0.568638	2.31568	-0.272511	-0.198653
0.538567	-0.570285	2.41043	-0.562539	-0.446447
0.541873	-0.57284	2.43025	0.230828	0.641093
0.548458	-0.577702	2.42473	-0.0741104	0.246269
0.556872	-0.582398	2.50345	-0.111368	0.215748
0.563007	-0.586379	2.49759	0.0675052	0.183975
0.562342	-0.586615	2.43146	0.0861619	0.152028
0.560939	-0.585227	2.33166	0.0986065	0.105193
0.558468	-0.583422	2.23977	-0.665285	-0.224976
0.556015	-0.580951	2.17809	-0.264975	0.136323
0.553419	-0.577289	2.12446	-0.228503	0.168585
0.552611	-0.577881	2.07207	-0.19473	0.23388
0.554443	-0.580594	1.95852	-0.106877	0.328201
0.555133	-0.584308	1.69311	0.247433	0.399809
0.554819	-0.587165	1.39976	0.267185	0.402654
0.555241	-0.587186	1.1704	0.242524	0.391455
0.557366	-0.581049	1.03229	0.196569	0.374189
0.560693	-0.571685	0.906386	0.185253	0.371719
0.567918	-0.560143	0.805977	0.1641	0.363895
0.578821	-0.547882	0.695704	-0.366822	-0.112082
0.590795	-0.537006	0.560626	-0.517146	-0.485514
0.606057	-0.527948	0.427502	-0.091026	0.232789
0.617842	-0.522193	0.325581	-0.202236	0.123987
0.619077	-0.518999	0.232034	-0.254128	0.249192
0.61794	-0.519307	0.105526	-0.231965	0.341228
0.617988	-0.519201	-0.110686	-0.111462	0.239227
0.618387	-0.519774	-0.416506	-0.178326	0.233114
0.618897	-0.519883	-0.688679	-0.183111	0.235555
0.620833	-0.521888	-0.965412	-0.191257	0.237138
0.622604	-0.525265	-1.26881	-0.202099	0.240095
0.622303	-0.529954	-1.7511	-0.118644	0.226313
0.620316	-0.5339	-2.13225	-0.103294	0.219837
0.617395	-0.535941	-2.40885	-0.109381	0.219381
0.614712	-0.537642	-2.66287	-0.077599	0.213955
0.611954	-0.53824	-3.02618	0.0822792	0.192154
0.607132	-0.538348	2.83206	0.126244	0.12858
0.602404	-0.53651	2.59868	0.122823	0.0880512
0.596029	-0.53359	2.4648	0.119478	0.0690463
0.589796	-0.528658	2.38918	0.121925	0
0.583645	-0.523709	2.35777	0.122905	0.0682424
0.580792	-0.520363	2.35215	0.128941	0.0907185
0.578375	-0.518467	2.37786	0.135798	0.116297
0.576307	-0.516808	2.43772	0.0701441	-0.266676
0.574485	-0.515625	2.44175	0.121261	-0.123332
0.570511	-0.511736	2.5069	0.124667	-0.12149
0.568629	-0.5109	2.55908	0.116235	-0.0839099
0.568645	-0.511227	2.65795	0.10607	0.0955268
0.568523	-0.511102	2.78981	0.106599	0.126452
0.568212	-0.511089	2.9563	0.10778	0.134435
0.568319	-0.511578	3.04689	0.0982228	0.211842
0.565671	-0.511043	3.09819	0.0831151	0.347834
0.561603	-0.511114	3.08733	-0.0785072	0.312263
0.557397	-0.511642	3.04	-0.108601	0.294353
0.550906	-0.511451	2.87966	0.0695389	0.305012
0.543765	-0.51008	2.671	0.215944	0.359458
0.537396	-0.507308	2.46055	0.323254	0.388568
0.530063	-0.502266	2.29086	0.353339	0.364413
0.522327	-0.493542	2.15777	0.339828	0.295061
0.5148	-0.480628	2.05241	0.226104	-0.105163
0.507295	-0.465242	1.9644	0.211212	0.0887873
0.501177	-0.446382	1.94133	0.229183	0.116981
0.496027	-0.427275	2.00897	0.302371	0.214649
0.493365	-0.415963	2.09854	0.377818	0.310863
0.488268	-0.406488	2.2103	0.440315	0.390685
0.480806	-0.396478	2.32414	0.498012	0.464314
0.469894	-0.38573	2.39696	0.500101	0.461551
0.456075	-0.372499	2.47956	0.534132	0.505212
0.437401	-0.359744	2.54579	0.53734	0.508696
0.414068	-0.34618	2.61985	0.552966	0.533742
0.386973	-0.332694	2.68995	0.553202	0.538977
0.35661	-0.32038	2.74922	0.544722	0.531775
0.323813	-0.310021	2.83505	0.558892	0.564216
0.287328	-0.299079	2.94618	0.547131	0.569698
0.247298	-0.288602	3.00096	0.514364	0.530777
0.205608	-0.280588	3.05283	0.489023	0.51064
0.160785	-0.272083	3.13179	0.466994	0.502173
0.115146	-0.265779	-3.12671	0.431712	0.457854
0.0686135	-0.25945	-2.90001	0.382242	0.48489
0.0208211	-0.254086	-3.07635	0.37601	0.3865
-0.0259394	-0.249305	-3.09327	0.352053	0.37855
-0.0689961	-0.244825	-3.10669	0.330311	0.356531
-0.111585	-0.240412	-3.13538	0.318866	0.337727
-0.151079	-0.235825	-3.12729	0.302436	0.330145
-0.187547	-0.231787	-3.1405	0.290405	0.312809
-0.221318	-0.228306	3.11549	0.288346	0.305497
-0.253191	-0.224854	-3.13377	0.277216	0.314819
-0.283942	-0.222946	3.12951	0.269038	0.296969
-0.311499	-0.220603	3.14107	0.264822	0.303384
