Parametros da Camera
Brightness: 0
Exposure: 0
Exposure Absolute: 333
Hue: 0
Saturation: 255
Gamma: 0
Gain: 2
Contrast: 128
Sharpness: 128
Parametros de Calibracao
Numero de Pontos: 28
Pontos Notaveis (MundoX, MundoY, ImagemX, ImagemY):
-2147483648 -2147483648 529 30
0 -2147483648 309 31
-2147483648 -2147483648 87 32
-2147483648 -2147483648 63 55
-2147483648 -2147483648 61 130
-2147483648 2000000000 60 178
-2147483648 2000000000 24 180
-2147483648 -2000000000 28 311
-2147483648 -2000000000 62 311
-2147483648 -2147483648 62 360
-2147483648 -2147483648 62 435
-2147483648 -2147483648 88 462
0 -2147483648 311 458
-2147483648 -2147483648 532 454
-2147483648 -2147483648 554 431
-2147483648 -2147483648 554 354
-2147483648 -2000000000 552 309
-2147483648 -2000000000 586 306
-2147483648 2000000000 587 177
-2147483648 2000000000 552 179
-2147483648 -2147483648 551 130
-2147483648 -2147483648 555 53
-2147483648 -2147483648 111 131
-2147483648 -2147483648 113 359
0 2000000000 309 176
0 -2000000000 311 312
-2147483648 -2147483648 501 131
-2147483648 -2147483648 504 354
Limites de P Inferior e Superior:
0 100
Numero de Cores: 11
Limites HPG das Cores
-180 180 0 100 0 100
-180 180 0 100 0 100
-180 180 0 100 0 100
-180 180 0 100 0 100
-180 180 0 100 0 100
-180 180 0 100 0 100
-180 180 0 100 0 100
-180 180 0 100 0 100
-180 180 0 100 0 100
-180 180 0 100 0 100
-180 180 0 100 0 100
