Parametros da Camera
Brightness: 0
Exposure: 0
Exposure Absolute: 120
Hue: 0
Saturation: 0
Gamma: 0
Gain: 69
Contrast: 0
Sharpness: 0
Parametros de Calibracao
Numero de Pontos: 28
Pontos Notaveis (MundoX, MundoY, ImagemX, ImagemY):
68000 65000 568 10
0 65000 320 10
-68000 65000 72 10
-75000 57999 46 35
-75000 35000 46 116
-75000 20000 46 169
-85000 20000 10 169
-85000 -20000 10 311
-75000 -20000 46 311
-75000 -35000 46 364
-75000 -57999 46 445
-68000 -65000 72 470
0 -65000 320 470
68000 -65000 568 470
75000 -57999 594 445
75000 -35000 563 332
75000 -20000 566 286
85000 -20000 591 286
85000 20000 590 163
75000 20000 562 161
75000 35000 561 115
75000 57999 594 35
-60000 35000 101 116
-60000 -35000 101 364
0 20000 320 169
0 -20000 320 311
60000 35000 516 115
60000 -35000 517 338
Limites de P Inferior e Superior:
0 100
Numero de Cores: 11
Limites HPG das Cores
-180 180 0 100 0 100
-180 180 0 100 0 100
-180 180 0 100 0 100
-180 180 0 100 0 100
-180 180 0 100 0 100
-180 180 0 100 0 100
-180 180 0 100 0 100
-180 180 0 100 0 100
-180 180 0 100 0 100
-180 180 0 100 0 100
-180 180 0 100 0 100
Constantes Objeto e Campo
3	1