552 468  0.68  0.65
304 468  0.0   0.65
 59 468 -0.68  0.65
 35 442 -0.75  0.58
 39 358 -0.75  0.35
 41 303 -0.75  0.20
  7 301 -0.85  0.20
 14 170 -0.85 -0.20
 49 170 -0.75 -0.20
 54 119 -0.75 -0.35
 57  47 -0.75 -0.58
 82  23 -0.68 -0.65
305  22  0.0  -0.65
528  22  0.68 -0.65
556  44  0.75 -0.58
560 118  0.75 -0.35
563 167  0.75 -0.20
597 169  0.85 -0.20
604 302  0.85  0.20
568 302  0.75  0.20
570 358  0.75  0.35
574 442  0.75  0.58
 91 357 -0.60  0.35
102 118 -0.60 -0.35
305 304  0.0   0.20
306 167  0.0  -0.20
519 358  0.60  0.35
509 117  0.60 -0.35
