550 467  0.68  0.65
320 474  0.0   0.65
 87 470 -0.68  0.65
 62 446 -0.75  0.58
 59 368 -0.75  0.35
 57 316 -0.75  0.20
 23 314 -0.85  0.20
 21 178 -0.85 -0.20
 55 176 -0.75 -0.20
 56 124 -0.75 -0.35
 59  43 -0.75 -0.58
 82  20 -0.68 -0.65
319  18  0.0  -0.65
551  22  0.68 -0.65
577  47  0.75 -0.58
578 124  0.75 -0.35
579 176  0.75 -0.20
612 178  0.85 -0.20
611 313  0.85  0.20
579 315  0.75  0.20
577 366  0.75  0.35
575 442  0.75  0.58
108 368 -0.60  0.35
107 124 -0.60 -0.35
319 319  0.0   0.20
317 177  0.0  -0.20
527 367  0.60  0.35
529 124  0.60 -0.35
