557 134  0.68  0.65
493 302  0.0   0.65
438 450 -0.68  0.65
418 462 -0.75  0.58
364 452 -0.75  0.35
330 444 -0.75  0.20
320 465 -0.85  0.20
227 448 -0.85 -0.20
231 425 -0.75 -0.20
194 416 -0.75 -0.35
136 404 -0.75 -0.58
122 385 -0.68 -0.65
162 218  0.0  -0.65
205  29  0.68 -0.65
233  11  0.75 -0.58
300  31  0.75 -0.35
343  45  0.75 -0.20
352  17  0.85 -0.20
459  51  0.85  0.20
449  77  0.75  0.20
488  91  0.75  0.35
546 110  0.75  0.58
374 421 -0.60  0.35
203 384 -0.60 -0.35
385 275  0.0   0.20
282 249  0.0  -0.20
474 133  0.60  0.35
287  75  0.60 -0.35
